7.03340e+01 2.53484e-01
4.49154e+02 2.30356e+00
4.95866e+02 2.20619e+00
5.43512e+02 2.21773e+00
5.91092e+02 2.21014e+00
6.39909e+02 2.10444e+00
6.89568e+02 2.13998e+00
7.40081e+02 2.02847e+00
7.92722e+02 1.97229e+00
8.46946e+02 1.91244e+00
9.02020e+02 1.91273e+00
9.58387e+02 1.82341e+00
1.01783e+03 1.71987e+00
1.07874e+03 1.73792e+00
1.14017e+03 1.68955e+00
1.20214e+03 1.71134e+00
1.26467e+03 1.65636e+00
1.33001e+03 1.56690e+00
1.39790e+03 1.53506e+00
1.46898e+03 1.42834e+00
1.54198e+03 1.45714e+00
1.61572e+03 1.39944e+00
1.69296e+03 1.32663e+00
1.77205e+03 1.33552e+00
1.85257e+03 1.28066e+00
1.93796e+03 1.18776e+00
2.02600e+03 1.20447e+00
2.11542e+03 1.15063e+00
2.20695e+03 1.15002e+00
2.30024e+03 1.10723e+00
2.40036e+03 9.99566e-01
2.50705e+03 9.73927e-01
2.61669e+03 9.46425e-01
2.72851e+03 9.36407e-01
2.84331e+03 8.98238e-01
2.96300e+03 8.61302e-01
3.08771e+03 8.27390e-01
3.21992e+03 7.66116e-01
3.35779e+03 7.60648e-01
3.50151e+03 7.05409e-01
3.65346e+03 6.80795e-01
3.81124e+03 6.54184e-01
3.98048e+03 5.91925e-01
4.16019e+03 5.79488e-01
4.34921e+03 5.35545e-01
4.54803e+03 5.23714e-01
4.76032e+03 4.69949e-01
4.98947e+03 4.48874e-01
5.23306e+03 4.16150e-01
5.49901e+03 3.76844e-01
5.78395e+03 3.62182e-01
6.08862e+03 3.29763e-01
6.43266e+03 2.84547e-01
6.82113e+03 2.58196e-01
7.24953e+03 2.33871e-01
7.73078e+03 2.04712e-01
8.29127e+03 1.72813e-01
8.95549e+03 1.45727e-01
9.75744e+03 1.18659e-01
1.07690e+04 9.18354e-02
1.21463e+04 6.44692e-02
1.43123e+04 3.78860e-02
1.95945e+04 1.11390e-02
2.71409e+04 1.46043e-03
3.37250e+04 1.48012e-04
