6.57875e+01 2.56733e-01
4.50435e+02 2.28488e+00
4.97966e+02 2.23189e+00
5.45969e+02 2.24052e+00
5.95807e+02 2.06590e+00
6.47756e+02 2.06619e+00
6.99822e+02 2.05569e+00
7.52348e+02 2.02906e+00
8.05587e+02 2.00062e+00
8.59955e+02 1.94495e+00
9.15928e+02 1.88729e+00
9.73656e+02 1.82822e+00
1.03222e+03 1.83574e+00
1.09126e+03 1.79755e+00
1.15243e+03 1.70919e+00
1.21597e+03 1.66663e+00
1.28040e+03 1.66333e+00
1.34636e+03 1.58801e+00
1.41566e+03 1.50780e+00
1.48810e+03 1.45338e+00
1.56243e+03 1.43266e+00
1.63816e+03 1.39929e+00
1.71602e+03 1.35481e+00
1.79621e+03 1.31999e+00
1.87908e+03 1.26893e+00
1.96562e+03 1.21014e+00
2.05611e+03 1.15934e+00
2.14769e+03 1.18371e+00
2.24111e+03 1.11390e+00
2.33907e+03 1.07568e+00
2.44119e+03 1.02477e+00
2.54613e+03 1.01931e+00
2.65470e+03 9.57141e-01
2.76950e+03 9.11592e-01
2.88853e+03 8.90302e-01
3.01173e+03 8.50757e-01
3.14010e+03 8.20070e-01
3.27254e+03 7.99453e-01
3.40996e+03 7.61490e-01
3.55430e+03 7.24771e-01
3.70702e+03 6.80229e-01
3.86896e+03 6.44622e-01
4.03998e+03 6.09940e-01
4.22033e+03 5.79630e-01
4.41149e+03 5.42788e-01
4.61347e+03 5.19258e-01
4.83068e+03 4.69711e-01
5.06428e+03 4.48561e-01
5.31318e+03 4.13881e-01
5.58206e+03 3.84328e-01
5.87435e+03 3.50296e-01
6.19569e+03 3.17984e-01
6.54743e+03 2.92317e-01
6.93896e+03 2.56914e-01
7.37518e+03 2.35248e-01
7.86267e+03 2.05935e-01
8.43189e+03 1.72802e-01
9.09775e+03 1.50225e-01
9.89314e+03 1.21465e-01
1.09074e+04 9.26959e-02
1.22888e+04 6.58167e-02
1.44414e+04 3.89504e-02
1.93518e+04 1.22319e-02
2.60253e+04 2.13214e-03
3.17087e+04 3.40932e-04
