7.25667e+01 2.59230e-01
4.50314e+02 2.33660e+00
4.96424e+02 2.34138e+00
5.43017e+02 2.28541e+00
5.91689e+02 2.14369e+00
6.40900e+02 2.24367e+00
6.90283e+02 2.12095e+00
7.42328e+02 2.02013e+00
7.96157e+02 1.98387e+00
8.51511e+02 1.90957e+00
9.08105e+02 1.89865e+00
9.65942e+02 1.82730e+00
1.02524e+03 1.80678e+00
1.08667e+03 1.70129e+00
1.14995e+03 1.70504e+00
1.21455e+03 1.63119e+00
1.28032e+03 1.64629e+00
1.34762e+03 1.55638e+00
1.41616e+03 1.58909e+00
1.48675e+03 1.46594e+00
1.56277e+03 1.36997e+00
1.64153e+03 1.36616e+00
1.72126e+03 1.33575e+00
1.80273e+03 1.30919e+00
1.88581e+03 1.28484e+00
1.97183e+03 1.22057e+00
2.06159e+03 1.18014e+00
2.15607e+03 1.10153e+00
2.25288e+03 1.12482e+00
2.35158e+03 1.05848e+00
2.45546e+03 1.01636e+00
2.56488e+03 9.54047e-01
2.67798e+03 9.51351e-01
2.79169e+03 9.43038e-01
2.91148e+03 8.58094e-01
3.03642e+03 8.67397e-01
3.16569e+03 8.00951e-01
3.30168e+03 7.83227e-01
3.44166e+03 7.56195e-01
3.59088e+03 6.89724e-01
3.74908e+03 6.72033e-01
3.91432e+03 6.32480e-01
4.08709e+03 6.14814e-01
4.27061e+03 5.60765e-01
4.46933e+03 5.24130e-01
4.67976e+03 4.99878e-01
4.89941e+03 4.81103e-01
5.13076e+03 4.50747e-01
5.38211e+03 4.07807e-01
5.65391e+03 3.85169e-01
5.94629e+03 3.52468e-01
6.26964e+03 3.15065e-01
6.62335e+03 2.94455e-01
7.00970e+03 2.64169e-01
7.44962e+03 2.27442e-01
7.94780e+03 2.05726e-01
8.50159e+03 1.84021e-01
9.14474e+03 1.52916e-01
9.94076e+03 1.20470e-01
1.09676e+04 9.19859e-02
1.23700e+04 6.49558e-02
1.45288e+04 3.94512e-02
1.96510e+04 1.17504e-02
2.68518e+04 1.68011e-03
3.30648e+04 2.17395e-04
