7.09586e+01 2.60052e-01
4.51848e+02 2.37391e+00
4.98676e+02 2.26968e+00
5.47172e+02 2.21444e+00
5.96450e+02 2.19905e+00
6.46776e+02 2.12075e+00
6.98016e+02 2.12357e+00
7.51097e+02 1.97331e+00
8.05902e+02 1.99531e+00
8.62099e+02 1.87375e+00
9.20227e+02 1.86673e+00
9.79631e+02 1.79233e+00
1.04051e+03 1.77873e+00
1.10218e+03 1.74571e+00
1.16560e+03 1.68124e+00
1.23033e+03 1.67757e+00
1.29624e+03 1.62021e+00
1.36420e+03 1.57809e+00
1.43315e+03 1.57458e+00
1.50463e+03 1.46706e+00
1.58028e+03 1.40636e+00
1.65840e+03 1.37667e+00
1.73755e+03 1.36894e+00
1.81953e+03 1.28356e+00
1.90378e+03 1.29704e+00
1.99069e+03 1.20536e+00
2.08089e+03 1.20479e+00
2.17279e+03 1.16030e+00
2.26744e+03 1.13582e+00
2.36618e+03 1.06640e+00
2.46947e+03 1.03791e+00
2.57602e+03 1.00183e+00
2.68689e+03 9.58769e-01
2.80234e+03 9.23879e-01
2.92184e+03 8.94740e-01
3.04605e+03 8.55415e-01
3.17568e+03 8.21453e-01
3.31223e+03 7.70930e-01
3.45626e+03 7.38241e-01
3.60616e+03 7.11864e-01
3.76212e+03 6.81755e-01
3.92708e+03 6.36428e-01
4.10325e+03 5.97843e-01
4.28995e+03 5.66559e-01
4.48694e+03 5.37032e-01
4.69288e+03 5.18441e-01
4.91243e+03 4.72749e-01
5.14679e+03 4.54753e-01
5.40132e+03 4.01334e-01
5.67759e+03 3.85442e-01
5.97216e+03 3.53107e-01
6.29410e+03 3.22688e-01
6.64492e+03 2.97366e-01
7.03444e+03 2.61998e-01
7.47252e+03 2.34938e-01
7.96780e+03 2.05132e-01
8.53502e+03 1.79095e-01
9.19668e+03 1.50924e-01
1.00024e+04 1.21054e-01
1.10224e+04 9.42429e-02
1.23888e+04 6.78770e-02
1.45270e+04 3.94573e-02
1.97283e+04 1.17325e-02
2.70905e+04 1.53144e-03
3.34683e+04 1.81759e-04
