6.62418e+01 2.56659e-01
4.53203e+02 2.29970e+00
5.00565e+02 2.25817e+00
5.49500e+02 2.15177e+00
5.99626e+02 2.15530e+00
6.49585e+02 2.16581e+00
7.00288e+02 2.08953e+00
7.52920e+02 2.00964e+00
8.07278e+02 1.95947e+00
8.62596e+02 1.94103e+00
9.18446e+02 1.92196e+00
9.75876e+02 1.83481e+00
1.03541e+03 1.78890e+00
1.09601e+03 1.77129e+00
1.15795e+03 1.71139e+00
1.22179e+03 1.66773e+00
1.28752e+03 1.61436e+00
1.35545e+03 1.56114e+00
1.42483e+03 1.54797e+00
1.49549e+03 1.50493e+00
1.56911e+03 1.42609e+00
1.64560e+03 1.39415e+00
1.72538e+03 1.31031e+00
1.80849e+03 1.28554e+00
1.89353e+03 1.25109e+00
1.98112e+03 1.21155e+00
2.07141e+03 1.17752e+00
2.16335e+03 1.16859e+00
2.25859e+03 1.09731e+00
2.35756e+03 1.08254e+00
2.45984e+03 1.02685e+00
2.56629e+03 9.99681e-01
2.67560e+03 9.73772e-01
2.78911e+03 9.26844e-01
2.90881e+03 8.75879e-01
3.03521e+03 8.30890e-01
3.16624e+03 8.15296e-01
3.30228e+03 7.70859e-01
3.44502e+03 7.40540e-01
3.59317e+03 7.15533e-01
3.74652e+03 6.91083e-01
3.90725e+03 6.51441e-01
4.07622e+03 6.25371e-01
4.25428e+03 5.86571e-01
4.44418e+03 5.49855e-01
4.64683e+03 5.15064e-01
4.86391e+03 4.79241e-01
5.09718e+03 4.46054e-01
5.34601e+03 4.21080e-01
5.61412e+03 3.84462e-01
5.90214e+03 3.64635e-01
6.21323e+03 3.29749e-01
6.55846e+03 2.96092e-01
6.94099e+03 2.68540e-01
7.36882e+03 2.36897e-01
7.85826e+03 2.05251e-01
8.42240e+03 1.78268e-01
9.08435e+03 1.49276e-01
9.89579e+03 1.18908e-01
1.09242e+04 9.29716e-02
1.23161e+04 6.54361e-02
1.44896e+04 3.88359e-02
1.98996e+04 1.11522e-02
2.77461e+04 1.28777e-03
3.46289e+04 9.77727e-05
