7.03141e+01 2.48136e-01
4.47850e+02 2.22439e+00
4.93871e+02 2.24669e+00
5.39693e+02 2.23936e+00
5.87258e+02 2.08212e+00
6.35747e+02 2.16312e+00
6.85085e+02 2.00353e+00
7.36013e+02 2.03359e+00
7.87643e+02 1.94610e+00
8.40921e+02 1.91035e+00
8.95103e+02 1.88219e+00
9.49694e+02 1.88252e+00
1.00540e+03 1.80529e+00
1.06258e+03 1.78843e+00
1.12167e+03 1.68947e+00
1.18248e+03 1.68963e+00
1.24464e+03 1.61592e+00
1.30858e+03 1.59785e+00
1.37453e+03 1.51759e+00
1.44226e+03 1.51569e+00
1.51140e+03 1.45604e+00
1.58351e+03 1.39352e+00
1.65789e+03 1.36854e+00
1.73520e+03 1.28953e+00
1.81434e+03 1.30730e+00
1.89391e+03 1.27447e+00
1.97725e+03 1.19208e+00
2.06512e+03 1.14635e+00
2.15589e+03 1.11672e+00
2.24981e+03 1.07094e+00
2.34579e+03 1.06975e+00
2.44534e+03 9.95491e-01
2.54908e+03 9.84435e-01
2.65641e+03 9.30160e-01
2.76907e+03 8.93890e-01
2.88793e+03 8.35398e-01
3.01007e+03 8.46951e-01
3.13618e+03 7.83451e-01
3.27170e+03 7.33325e-01
3.41226e+03 7.28378e-01
3.55855e+03 6.76926e-01
3.71539e+03 6.33414e-01
3.88138e+03 6.04395e-01
4.05507e+03 5.78413e-01
4.24000e+03 5.33447e-01
4.43520e+03 5.19245e-01
4.64404e+03 4.66342e-01
4.86942e+03 4.45324e-01
5.11150e+03 4.04428e-01
5.37810e+03 3.67206e-01
5.66145e+03 3.57795e-01
5.96662e+03 3.16959e-01
6.30708e+03 2.87297e-01
6.68805e+03 2.53266e-01
7.12054e+03 2.22910e-01
7.60328e+03 2.03119e-01
8.15584e+03 1.70567e-01
8.81239e+03 1.43762e-01
9.61639e+03 1.14101e-01
1.06424e+04 8.83527e-02
1.20178e+04 6.37794e-02
1.41412e+04 3.78674e-02
1.93881e+04 1.08747e-02
2.69607e+04 1.39130e-03
3.35889e+04 1.36212e-04
