7.19730e+01 2.49074e-01
4.46791e+02 2.41825e+00
4.90022e+02 2.35403e+00
5.34333e+02 2.30167e+00
5.79916e+02 2.22213e+00
6.26836e+02 2.17382e+00
6.74927e+02 2.11558e+00
7.24172e+02 2.07256e+00
7.74666e+02 2.01129e+00
8.26159e+02 1.99396e+00
8.78921e+02 1.91483e+00
9.33314e+02 1.87628e+00
9.88432e+02 1.86535e+00
1.04541e+03 1.75432e+00
1.10442e+03 1.74097e+00
1.16504e+03 1.66126e+00
1.22777e+03 1.62563e+00
1.29203e+03 1.58325e+00
1.35829e+03 1.52877e+00
1.42722e+03 1.46298e+00
1.49798e+03 1.45159e+00
1.57208e+03 1.33325e+00
1.64948e+03 1.33066e+00
1.72804e+03 1.29420e+00
1.81006e+03 1.22094e+00
1.89589e+03 1.18152e+00
1.98312e+03 1.18258e+00
2.07276e+03 1.11825e+00
2.16847e+03 1.03761e+00
2.26737e+03 1.04644e+00
2.36958e+03 9.72209e-01
2.47551e+03 9.75568e-01
2.58455e+03 9.16296e-01
2.69614e+03 9.32219e-01
2.81128e+03 8.59405e-01
2.93369e+03 8.25617e-01
3.06145e+03 7.88785e-01
3.19302e+03 7.78436e-01
3.32819e+03 7.47452e-01
3.47142e+03 6.93068e-01
3.62307e+03 6.66754e-01
3.78376e+03 6.17117e-01
3.95262e+03 6.03924e-01
4.13105e+03 5.52889e-01
4.32405e+03 5.16086e-01
4.52803e+03 4.95024e-01
4.74293e+03 4.64914e-01
4.97258e+03 4.33396e-01
5.22043e+03 3.99195e-01
5.48839e+03 3.70776e-01
5.77694e+03 3.44266e-01
6.08898e+03 3.17032e-01
6.44135e+03 2.70615e-01
6.82723e+03 2.63771e-01
7.24613e+03 2.29900e-01
7.72473e+03 2.02055e-01
8.28468e+03 1.68335e-01
8.93547e+03 1.49104e-01
9.71573e+03 1.17721e-01
1.07201e+04 9.01275e-02
1.20818e+04 6.43488e-02
1.42096e+04 3.77208e-02
1.93848e+04 1.10812e-02
2.67463e+04 1.55108e-03
3.31487e+04 1.83402e-04
