7.07750e+01 2.54893e-01
4.51816e+02 2.28964e+00
4.98989e+02 2.22619e+00
5.46763e+02 2.23434e+00
5.95173e+02 2.16470e+00
6.45255e+02 2.08760e+00
6.96466e+02 2.07164e+00
7.48085e+02 2.05445e+00
8.01066e+02 1.96430e+00
8.55361e+02 1.95700e+00
9.10494e+02 1.90508e+00
9.67689e+02 1.81855e+00
1.02655e+03 1.79805e+00
1.08652e+03 1.75243e+00
1.14746e+03 1.74100e+00
1.21010e+03 1.65842e+00
1.27554e+03 1.59554e+00
1.34291e+03 1.56404e+00
1.41158e+03 1.53672e+00
1.48239e+03 1.47068e+00
1.55657e+03 1.39935e+00
1.63255e+03 1.40275e+00
1.70944e+03 1.36657e+00
1.78805e+03 1.34195e+00
1.86978e+03 1.26349e+00
1.95545e+03 1.22151e+00
2.04306e+03 1.20880e+00
2.13260e+03 1.16906e+00
2.22538e+03 1.12521e+00
2.32167e+03 1.08588e+00
2.42271e+03 1.02221e+00
2.52835e+03 9.93090e-01
2.63857e+03 9.38950e-01
2.75331e+03 9.16521e-01
2.87150e+03 8.84655e-01
2.99336e+03 8.62320e-01
3.12143e+03 8.01197e-01
3.25775e+03 7.60914e-01
3.39728e+03 7.65077e-01
3.54132e+03 7.13791e-01
3.69321e+03 6.87849e-01
3.85292e+03 6.45457e-01
4.02142e+03 6.18099e-01
4.19974e+03 5.76569e-01
4.38933e+03 5.46620e-01
4.59016e+03 5.13870e-01
4.80718e+03 4.68286e-01
5.04249e+03 4.37020e-01
5.29243e+03 4.14945e-01
5.56111e+03 3.78320e-01
5.85000e+03 3.58747e-01
6.16085e+03 3.26866e-01
6.50245e+03 2.97094e-01
6.88608e+03 2.59532e-01
7.32202e+03 2.29864e-01
7.81477e+03 2.03148e-01
8.38598e+03 1.71322e-01
9.05857e+03 1.46350e-01
9.87054e+03 1.17898e-01
1.08778e+04 9.50240e-02
1.22224e+04 6.68522e-02
1.43358e+04 3.92681e-02
1.96901e+04 1.09915e-02
2.75100e+04 1.34246e-03
3.43811e+04 1.15089e-04
