6.76061e+01 2.59376e-01
4.51245e+02 2.31532e+00
4.98292e+02 2.29544e+00
5.45495e+02 2.30087e+00
5.93973e+02 2.17251e+00
6.44343e+02 2.13236e+00
6.95902e+02 2.07258e+00
7.49259e+02 1.99046e+00
8.04247e+02 1.95231e+00
8.60405e+02 1.90826e+00
9.17702e+02 1.87553e+00
9.76067e+02 1.83850e+00
1.03572e+03 1.79565e+00
1.09722e+03 1.72923e+00
1.16090e+03 1.67467e+00
1.22688e+03 1.61029e+00
1.29370e+03 1.63534e+00
1.36189e+03 1.54434e+00
1.43160e+03 1.56660e+00
1.50274e+03 1.48063e+00
1.57678e+03 1.44672e+00
1.65293e+03 1.39915e+00
1.73232e+03 1.33190e+00
1.81507e+03 1.28826e+00
1.89976e+03 1.27092e+00
1.98729e+03 1.20584e+00
2.07862e+03 1.16740e+00
2.17160e+03 1.16425e+00
2.26673e+03 1.11456e+00
2.36598e+03 1.06918e+00
2.46951e+03 1.02439e+00
2.57613e+03 1.00870e+00
2.68610e+03 9.62931e-01
2.79968e+03 9.45287e-01
2.91586e+03 9.20412e-01
3.03800e+03 8.55321e-01
3.16697e+03 8.25420e-01
3.30227e+03 7.77294e-01
3.44586e+03 7.32846e-01
3.59635e+03 7.07268e-01
3.75381e+03 6.69637e-01
3.91910e+03 6.41952e-01
4.09208e+03 6.11306e-01
4.27494e+03 5.74420e-01
4.46913e+03 5.42196e-01
4.67655e+03 5.03513e-01
4.89682e+03 4.80659e-01
5.12923e+03 4.52260e-01
5.37907e+03 4.16080e-01
5.65023e+03 3.83968e-01
5.94560e+03 3.50648e-01
6.26325e+03 3.31853e-01
6.60852e+03 2.97085e-01
6.99035e+03 2.71172e-01
7.41809e+03 2.36998e-01
7.90915e+03 2.05777e-01
8.47407e+03 1.79039e-01
9.13880e+03 1.48840e-01
9.93842e+03 1.23686e-01
1.09561e+04 9.25507e-02
1.23583e+04 6.53661e-02
1.45275e+04 3.93287e-02
1.97507e+04 1.16350e-02
2.71634e+04 1.54842e-03
3.35933e+04 1.44074e-04
