6.91854e+01 1.30180e-01
4.17187e+02 2.24892e+00
4.39747e+02 2.30502e+00
4.62195e+02 2.26850e+00
4.85077e+02 2.21846e+00
5.08075e+02 2.24682e+00
5.31575e+02 2.12359e+00
5.55260e+02 2.21548e+00
5.78958e+02 2.11708e+00
6.03352e+02 2.09206e+00
6.28423e+02 2.00322e+00
6.53537e+02 2.08674e+00
6.79074e+02 1.93663e+00
7.04976e+02 2.03245e+00
7.30168e+02 2.04287e+00
7.55469e+02 2.01220e+00
7.81243e+02 1.97047e+00
8.07908e+02 1.88269e+00
8.34996e+02 1.90691e+00
8.62820e+02 1.78507e+00
8.90608e+02 1.91736e+00
9.17737e+02 1.86646e+00
9.45740e+02 1.80006e+00
9.74563e+02 1.76175e+00
1.00375e+03 1.75306e+00
1.03314e+03 1.73940e+00
1.06267e+03 1.73980e+00
1.09281e+03 1.66682e+00
1.12393e+03 1.62958e+00
1.15533e+03 1.63981e+00
1.18661e+03 1.64500e+00
1.21788e+03 1.63746e+00
1.24970e+03 1.58707e+00
1.28184e+03 1.60609e+00
1.31449e+03 1.53804e+00
1.34786e+03 1.53871e+00
1.38180e+03 1.48635e+00
1.41669e+03 1.45562e+00
1.45197e+03 1.45541e+00
1.48772e+03 1.41763e+00
1.52433e+03 1.38551e+00
1.56172e+03 1.36009e+00
1.59947e+03 1.36010e+00
1.63826e+03 1.28761e+00
1.67772e+03 1.31495e+00
1.71711e+03 1.29088e+00
1.75703e+03 1.27854e+00
1.79818e+03 1.21731e+00
1.84034e+03 1.21969e+00
1.88258e+03 1.20986e+00
1.92572e+03 1.16944e+00
1.96907e+03 1.20004e+00
2.01217e+03 1.18112e+00
2.05690e+03 1.11581e+00
2.10230e+03 1.14633e+00
2.14730e+03 1.13504e+00
2.19375e+03 1.07561e+00
2.24154e+03 1.07200e+00
2.29009e+03 1.04242e+00
2.33851e+03 1.07899e+00
2.38815e+03 9.91870e-01
2.44054e+03 9.67123e-01
2.49278e+03 9.98867e-01
2.54545e+03 9.51773e-01
2.59944e+03 9.49476e-01
2.65361e+03 9.45509e-01
2.70880e+03 9.14964e-01
2.76517e+03 9.06165e-01
2.82369e+03 8.49242e-01
2.88396e+03 8.53946e-01
2.94496e+03 8.28623e-01
3.00601e+03 8.53785e-01
3.06725e+03 8.22790e-01
3.12974e+03 8.19503e-01
3.19445e+03 7.68088e-01
3.26118e+03 7.70520e-01
3.33036e+03 7.14874e-01
3.40237e+03 7.10911e-01
3.47443e+03 7.13430e-01
3.54652e+03 7.10565e-01
3.62051e+03 6.77536e-01
3.69772e+03 6.52327e-01
3.77520e+03 6.72923e-01
3.85548e+03 6.08440e-01
3.93879e+03 6.24252e-01
4.02305e+03 5.94550e-01
4.10991e+03 5.87145e-01
4.20124e+03 5.38380e-01
4.29850e+03 5.17353e-01
4.39747e+03 5.19998e-01
4.49595e+03 5.22441e-01
4.59401e+03 5.24433e-01
4.69687e+03 4.75419e-01
4.80571e+03 4.67731e-01
4.91858e+03 4.42221e-01
5.03411e+03 4.46371e-01
5.15077e+03 4.33591e-01
5.27151e+03 4.16905e-01
5.39713e+03 4.00486e-01
5.53001e+03 3.72664e-01
5.66834e+03 3.69433e-01
5.81284e+03 3.41755e-01
5.96660e+03 3.26079e-01
6.12431e+03 3.24707e-01
6.28654e+03 3.07900e-01
6.45894e+03 2.88079e-01
6.64264e+03 2.71204e-01
6.83901e+03 2.51971e-01
7.04983e+03 2.35512e-01
7.27053e+03 2.29623e-01
7.49934e+03 2.19077e-01
7.74408e+03 2.00891e-01
8.00731e+03 1.89262e-01
8.29414e+03 1.69373e-01
8.60225e+03 1.63892e-01
8.93216e+03 1.47918e-01
9.29411e+03 1.35954e-01
9.69653e+03 1.19861e-01
1.01443e+04 1.09623e-01
1.06438e+04 9.64780e-02
1.12066e+04 8.63214e-02
1.18728e+04 6.92007e-02
1.26972e+04 5.62826e-02
1.37045e+04 4.62906e-02
1.50489e+04 3.20796e-02
1.71733e+04 1.89180e-02
2.21160e+04 6.03746e-03
2.87128e+04 7.42186e-04
3.41708e+04 1.51491e-04
