6.75779e+01 1.34128e-01
4.16571e+02 2.35221e+00
4.39694e+02 2.22259e+00
4.63261e+02 2.26710e+00
4.86544e+02 2.27532e+00
5.10289e+02 2.17944e+00
5.34524e+02 2.18642e+00
5.59527e+02 2.04642e+00
5.85147e+02 2.08414e+00
6.10925e+02 2.01889e+00
6.37022e+02 2.03432e+00
6.63120e+02 2.01818e+00
6.89651e+02 1.96815e+00
7.16536e+02 1.96575e+00
7.43586e+02 1.94444e+00
7.70471e+02 1.99149e+00
7.97297e+02 1.95015e+00
8.25009e+02 1.86685e+00
8.53106e+02 1.89758e+00
8.80774e+02 1.92571e+00
9.09441e+02 1.76912e+00
9.38881e+02 1.82534e+00
9.68295e+02 1.76883e+00
9.98599e+02 1.72052e+00
1.02915e+03 1.74204e+00
1.05987e+03 1.70108e+00
1.09160e+03 1.63384e+00
1.12355e+03 1.67578e+00
1.15553e+03 1.63177e+00
1.18746e+03 1.68294e+00
1.21980e+03 1.58892e+00
1.25329e+03 1.56858e+00
1.28695e+03 1.57309e+00
1.32139e+03 1.49951e+00
1.35564e+03 1.59159e+00
1.38918e+03 1.56150e+00
1.42388e+03 1.48549e+00
1.45968e+03 1.46948e+00
1.49533e+03 1.49806e+00
1.53197e+03 1.39066e+00
1.56992e+03 1.39619e+00
1.60839e+03 1.35367e+00
1.64753e+03 1.34922e+00
1.68661e+03 1.35661e+00
1.72645e+03 1.29814e+00
1.76759e+03 1.27321e+00
1.80850e+03 1.31354e+00
1.84852e+03 1.32919e+00
1.88931e+03 1.26280e+00
1.93216e+03 1.20606e+00
1.97517e+03 1.25563e+00
2.01811e+03 1.20693e+00
2.06267e+03 1.16436e+00
2.10842e+03 1.14782e+00
2.15547e+03 1.10306e+00
2.20234e+03 1.15442e+00
2.24932e+03 1.09693e+00
2.29755e+03 1.09606e+00
2.34711e+03 1.03909e+00
2.39807e+03 1.03618e+00
2.44902e+03 1.03914e+00
2.49976e+03 1.04553e+00
2.55084e+03 1.02544e+00
2.60328e+03 9.91494e-01
2.65770e+03 9.52289e-01
2.71424e+03 9.18555e-01
2.77189e+03 9.15344e-01
2.82875e+03 9.45579e-01
2.88712e+03 8.68908e-01
2.94725e+03 8.90174e-01
3.00712e+03 8.75403e-01
3.06882e+03 8.39235e-01
3.13301e+03 8.08666e-01
3.19827e+03 8.11821e-01
3.26440e+03 7.88145e-01
3.33456e+03 7.21582e-01
3.40565e+03 7.67658e-01
3.47640e+03 7.27738e-01
3.55179e+03 6.76688e-01
3.62760e+03 7.19884e-01
3.70445e+03 6.58480e-01
3.78536e+03 6.48812e-01
3.86849e+03 6.23734e-01
3.95284e+03 6.30114e-01
4.03715e+03 6.24131e-01
4.12220e+03 6.18519e-01
4.20921e+03 5.97132e-01
4.29984e+03 5.70402e-01
4.39575e+03 5.33282e-01
4.49487e+03 5.33948e-01
4.59614e+03 5.10534e-01
4.69892e+03 5.18552e-01
4.80278e+03 5.00014e-01
4.91036e+03 4.83122e-01
5.02129e+03 4.70085e-01
5.13701e+03 4.43896e-01
5.25845e+03 4.27335e-01
5.38483e+03 4.09608e-01
5.51457e+03 4.05471e-01
5.65059e+03 3.73260e-01
5.79578e+03 3.55280e-01
5.94509e+03 3.53027e-01
6.09783e+03 3.39522e-01
6.25805e+03 3.20962e-01
6.42532e+03 3.11353e-01
6.60072e+03 2.91841e-01
6.78257e+03 2.89545e-01
6.97710e+03 2.55762e-01
7.18703e+03 2.48153e-01
7.40108e+03 2.45961e-01
7.62843e+03 2.20318e-01
7.87105e+03 2.15608e-01
8.13129e+03 1.91841e-01
8.41493e+03 1.81159e-01
8.71756e+03 1.68565e-01
9.04385e+03 1.55868e-01
9.40134e+03 1.40487e-01
9.79363e+03 1.29397e-01
1.02356e+04 1.10953e-01
1.07533e+04 9.42738e-02
1.13391e+04 8.64683e-02
1.19953e+04 7.52180e-02
1.28021e+04 5.76630e-02
1.38363e+04 4.56171e-02
1.52279e+04 3.21675e-02
1.73953e+04 1.91856e-02
2.22211e+04 6.34776e-03
2.84919e+04 1.07793e-03
3.36273e+04 1.47662e-04
