6.86927e+01 1.33748e-01
4.17708e+02 2.24307e+00
4.42126e+02 2.08143e+00
4.67425e+02 2.09018e+00
4.92141e+02 2.18408e+00
5.17102e+02 2.04688e+00
5.43077e+02 2.01602e+00
5.68775e+02 2.09479e+00
5.94007e+02 2.08610e+00
6.19245e+02 2.09591e+00
6.43737e+02 2.22149e+00
6.68824e+02 1.99382e+00
6.95693e+02 1.93397e+00
7.22180e+02 2.05646e+00
7.47824e+02 2.05928e+00
7.73914e+02 1.98375e+00
8.01697e+02 1.81887e+00
8.29299e+02 2.02047e+00
8.56731e+02 1.83271e+00
8.85190e+02 1.87662e+00
9.13713e+02 1.82354e+00
9.42420e+02 1.85342e+00
9.71824e+02 1.73809e+00
1.00182e+03 1.78092e+00
1.03220e+03 1.69301e+00
1.06305e+03 1.72828e+00
1.09421e+03 1.65971e+00
1.12613e+03 1.64676e+00
1.15745e+03 1.72464e+00
1.18915e+03 1.60570e+00
1.22194e+03 1.61327e+00
1.25425e+03 1.65355e+00
1.28702e+03 1.56891e+00
1.32088e+03 1.54820e+00
1.35621e+03 1.44096e+00
1.39207e+03 1.50456e+00
1.42791e+03 1.44080e+00
1.46410e+03 1.47582e+00
1.49986e+03 1.47484e+00
1.53601e+03 1.44445e+00
1.57259e+03 1.43992e+00
1.60994e+03 1.38585e+00
1.64899e+03 1.31678e+00
1.68885e+03 1.33065e+00
1.72825e+03 1.34975e+00
1.76802e+03 1.30368e+00
1.80816e+03 1.32550e+00
1.84962e+03 1.22287e+00
1.89246e+03 1.24067e+00
1.93508e+03 1.23297e+00
1.97811e+03 1.21939e+00
2.02148e+03 1.21484e+00
2.06562e+03 1.17564e+00
2.11004e+03 1.20087e+00
2.15500e+03 1.14633e+00
2.20186e+03 1.10589e+00
2.25034e+03 1.07147e+00
2.29901e+03 1.09716e+00
2.34720e+03 1.09372e+00
2.39618e+03 1.05878e+00
2.44622e+03 1.05035e+00
2.49710e+03 1.02561e+00
2.55044e+03 9.54183e-01
2.60530e+03 9.69548e-01
2.66095e+03 9.27462e-01
2.71633e+03 9.79993e-01
2.77197e+03 9.17788e-01
2.82953e+03 9.15250e-01
2.88896e+03 8.61898e-01
2.95079e+03 8.44586e-01
3.01222e+03 8.73669e-01
3.07292e+03 8.65106e-01
3.13620e+03 8.04415e-01
3.19999e+03 8.51112e-01
3.26398e+03 7.98893e-01
3.33123e+03 7.71196e-01
3.39966e+03 7.70370e-01
3.46880e+03 7.55806e-01
3.54032e+03 7.20205e-01
3.61555e+03 6.83215e-01
3.69229e+03 6.92244e-01
3.76829e+03 6.96150e-01
3.84532e+03 6.74102e-01
3.92478e+03 6.54062e-01
4.00943e+03 5.94771e-01
4.09704e+03 6.09966e-01
4.18230e+03 6.28054e-01
4.27123e+03 5.61642e-01
4.36459e+03 5.68945e-01
4.46082e+03 5.28663e-01
4.56095e+03 5.25082e-01
4.66287e+03 5.10449e-01
4.76759e+03 4.97397e-01
4.87495e+03 4.85282e-01
4.98531e+03 4.71031e-01
5.09992e+03 4.50169e-01
5.21924e+03 4.34209e-01
5.34108e+03 4.31838e-01
5.46593e+03 4.13603e-01
5.59944e+03 3.78011e-01
5.73900e+03 3.78138e-01
5.87986e+03 3.70891e-01
6.02741e+03 3.44994e-01
6.18061e+03 3.43861e-01
6.33944e+03 3.20875e-01
6.51077e+03 2.95608e-01
6.68831e+03 2.98983e-01
6.87565e+03 2.65936e-01
7.08103e+03 2.48202e-01
7.30340e+03 2.27060e-01
7.53945e+03 2.19846e-01
7.78544e+03 2.09193e-01
8.04058e+03 2.04621e-01
8.31351e+03 1.82930e-01
8.61850e+03 1.63783e-01
8.95311e+03 1.51862e-01
9.30656e+03 1.46725e-01
9.69421e+03 1.26602e-01
1.01455e+04 1.08282e-01
1.06531e+04 9.98275e-02
1.12295e+04 8.42228e-02
1.18937e+04 7.49685e-02
1.26963e+04 5.81365e-02
1.37312e+04 4.50649e-02
1.51152e+04 3.26724e-02
1.71962e+04 2.02684e-02
2.16875e+04 6.75828e-03
2.74237e+04 1.24991e-03
3.20680e+04 2.69546e-04
