6.61542e+01 1.31181e-01
4.16254e+02 2.26249e+00
4.39195e+02 2.24787e+00
4.62406e+02 2.20931e+00
4.86103e+02 2.15627e+00
5.10146e+02 2.14663e+00
5.34601e+02 2.08357e+00
5.59132e+02 2.13536e+00
5.83249e+02 2.15466e+00
6.07063e+02 2.19133e+00
6.31051e+02 2.12084e+00
6.55990e+02 2.02761e+00
6.81179e+02 2.08191e+00
7.06414e+02 2.01755e+00
7.32253e+02 1.98530e+00
7.58679e+02 1.92889e+00
7.85468e+02 1.93335e+00
8.12623e+02 1.87643e+00
8.40376e+02 1.85047e+00
8.68317e+02 1.85195e+00
8.96599e+02 1.80583e+00
9.24814e+02 1.86210e+00
9.53271e+02 1.77324e+00
9.82310e+02 1.78950e+00
1.01155e+03 1.74798e+00
1.04145e+03 1.71104e+00
1.07182e+03 1.69579e+00
1.10240e+03 1.68632e+00
1.13372e+03 1.61724e+00
1.16497e+03 1.69664e+00
1.19600e+03 1.63778e+00
1.22806e+03 1.58781e+00
1.26104e+03 1.54771e+00
1.29385e+03 1.60739e+00
1.32614e+03 1.59715e+00
1.35945e+03 1.50928e+00
1.39384e+03 1.49868e+00
1.42832e+03 1.50161e+00
1.46353e+03 1.43685e+00
1.49938e+03 1.44862e+00
1.53525e+03 1.43504e+00
1.57187e+03 1.38916e+00
1.60927e+03 1.37625e+00
1.64671e+03 1.38718e+00
1.68462e+03 1.34222e+00
1.72327e+03 1.33470e+00
1.76246e+03 1.30463e+00
1.80235e+03 1.28723e+00
1.84310e+03 1.25086e+00
1.88451e+03 1.24769e+00
1.92680e+03 1.19924e+00
1.97033e+03 1.17749e+00
2.01449e+03 1.16451e+00
2.05916e+03 1.15037e+00
2.10455e+03 1.12870e+00
2.15148e+03 1.07654e+00
2.19885e+03 1.10780e+00
2.24639e+03 1.06836e+00
2.29430e+03 1.09162e+00
2.34305e+03 1.03114e+00
2.39390e+03 1.00333e+00
2.44536e+03 1.00666e+00
2.49736e+03 9.82732e-01
2.55004e+03 9.80545e-01
2.60328e+03 9.62433e-01
2.65831e+03 9.17889e-01
2.71465e+03 9.18085e-01
2.77211e+03 8.81990e-01
2.83079e+03 8.80583e-01
2.89054e+03 8.51331e-01
2.95258e+03 8.16723e-01
3.01628e+03 8.06999e-01
3.08068e+03 7.99266e-01
3.14535e+03 7.99928e-01
3.21092e+03 7.77770e-01
3.27808e+03 7.62666e-01
3.34739e+03 7.30036e-01
3.41974e+03 6.99957e-01
3.49174e+03 7.38213e-01
3.56399e+03 6.94232e-01
3.64067e+03 6.55577e-01
3.71900e+03 6.65098e-01
3.79846e+03 6.36677e-01
3.88114e+03 6.14712e-01
3.96513e+03 6.17105e-01
4.05017e+03 5.99408e-01
4.13897e+03 5.65924e-01
4.23065e+03 5.62188e-01
4.32447e+03 5.40698e-01
4.42148e+03 5.25635e-01
4.52135e+03 5.10175e-01
4.62264e+03 5.11068e-01
4.72725e+03 4.78396e-01
4.83715e+03 4.62994e-01
4.95072e+03 4.47669e-01
5.06533e+03 4.54952e-01
5.18369e+03 4.20206e-01
5.30958e+03 4.01649e-01
5.44046e+03 3.88778e-01
5.57539e+03 3.77603e-01
5.71452e+03 3.65945e-01
5.86030e+03 3.44266e-01
6.01166e+03 3.39008e-01
6.16912e+03 3.18378e-01
6.33699e+03 2.98262e-01
6.51430e+03 2.85254e-01
6.69954e+03 2.73328e-01
6.89141e+03 2.65841e-01
7.09618e+03 2.40151e-01
7.31618e+03 2.30098e-01
7.54973e+03 2.13305e-01
7.79560e+03 2.07447e-01
8.05616e+03 1.90033e-01
8.33617e+03 1.79531e-01
8.63702e+03 1.64715e-01
8.96725e+03 1.49047e-01
9.32875e+03 1.37377e-01
9.72618e+03 1.23399e-01
1.01743e+04 1.08130e-01
1.06756e+04 9.84769e-02
1.12416e+04 8.49723e-02
1.19100e+04 7.07073e-02
1.27203e+04 5.78818e-02
1.37301e+04 4.56193e-02
1.50902e+04 3.22096e-02
1.71918e+04 1.94631e-02
2.20961e+04 6.07370e-03
2.86753e+04 8.62747e-04
3.41169e+04 9.13463e-05
