3.01886e+02 6.79300e+03
3.10447e+02 6.64300e+03
3.19018e+02 6.42000e+03
3.27599e+02 6.25860e+03
3.36191e+02 6.17360e+03
3.44792e+02 6.03120e+03
3.53404e+02 5.97460e+03
3.62026e+02 5.76620e+03
3.70658e+02 5.57780e+03
3.79300e+02 5.33420e+03
3.87953e+02 5.10900e+03
3.96615e+02 4.95760e+03
4.05288e+02 4.79460e+03
4.13971e+02 4.72480e+03
4.22664e+02 4.66720e+03
4.31368e+02 4.73840e+03
4.40081e+02 4.80780e+03
4.48805e+02 4.97100e+03
4.57539e+02 5.24180e+03
4.66283e+02 5.50900e+03
4.75037e+02 5.74680e+03
4.83801e+02 6.01200e+03
4.92576e+02 6.10920e+03
5.01360e+02 6.00460e+03
5.10155e+02 5.79640e+03
5.18960e+02 5.44160e+03
5.27776e+02 4.94360e+03
5.36601e+02 4.43480e+03
5.45437e+02 3.95700e+03
5.54283e+02 3.53720e+03
5.63139e+02 3.16920e+03
5.72005e+02 2.92260e+03
5.80881e+02 2.66800e+03
5.89768e+02 2.52800e+03
5.98664e+02 2.43500e+03
6.07571e+02 2.31400e+03
6.16488e+02 2.23020e+03
6.25415e+02 2.19840e+03
6.34353e+02 2.11440e+03
6.43300e+02 2.03060e+03
6.52258e+02 1.97360e+03
6.61226e+02 1.93060e+03
6.70204e+02 1.88640e+03
6.79193e+02 1.85500e+03
6.88191e+02 1.83320e+03
6.97200e+02 1.82040e+03
7.06218e+02 1.79340e+03
7.15247e+02 1.78140e+03
7.24287e+02 1.75440e+03
7.33336e+02 1.75280e+03
7.42396e+02 1.72620e+03
7.51465e+02 1.72200e+03
7.60545e+02 1.73800e+03
7.69635e+02 1.74020e+03
7.78735e+02 1.73980e+03
7.87846e+02 1.73900e+03
7.96966e+02 1.72480e+03
8.06097e+02 1.68820e+03
8.15238e+02 1.64260e+03
8.24389e+02 1.59000e+03
8.33551e+02 1.56680e+03
8.42722e+02 1.52100e+03
8.51904e+02 1.49120e+03
8.61096e+02 1.45780e+03
8.70298e+02 1.44360e+03
8.79510e+02 1.41760e+03
8.88732e+02 1.38800e+03
8.97965e+02 1.36480e+03
9.07207e+02 1.35920e+03
9.16460e+02 1.35480e+03
9.25723e+02 1.33340e+03
9.34997e+02 1.33660e+03
9.44280e+02 1.33900e+03
9.53574e+02 1.33640e+03
9.62877e+02 1.32440e+03
9.72191e+02 1.31860e+03
9.81516e+02 1.28840e+03
9.90850e+02 1.25300e+03
1.00019e+03 1.21840e+03
1.00955e+03 1.16920e+03
1.01891e+03 1.13340e+03
1.02829e+03 1.10900e+03
1.03767e+03 1.07560e+03
1.04707e+03 1.04660e+03
1.05648e+03 1.03020e+03
1.06589e+03 1.00400e+03
1.07532e+03 9.96000e+02
1.08475e+03 9.86600e+02
1.09420e+03 9.72800e+02
1.10366e+03 9.63000e+02
1.11312e+03 9.76000e+02
1.12260e+03 9.61600e+02
1.13209e+03 9.57400e+02
1.14158e+03 9.70600e+02
1.15109e+03 9.70800e+02
1.16061e+03 9.62000e+02
1.17014e+03 9.67800e+02
1.17967e+03 9.67400e+02
1.18922e+03 9.62400e+02
1.19878e+03 9.65000e+02
1.20835e+03 9.66000e+02
1.21793e+03 9.73200e+02
1.22752e+03 9.73200e+02
1.23711e+03 9.73000e+02
1.24672e+03 9.76400e+02
1.25634e+03 9.70200e+02
1.26597e+03 9.56800e+02
1.27561e+03 9.47600e+02
1.28526e+03 9.34000e+02
1.29492e+03 8.97400e+02
1.30459e+03 8.85400e+02
1.31427e+03 8.65800e+02
1.32396e+03 8.43600e+02
1.33366e+03 8.20800e+02
1.34337e+03 8.10400e+02
1.35310e+03 7.85000e+02
1.36283e+03 7.65000e+02
1.37257e+03 7.44000e+02
1.38232e+03 7.34800e+02
1.39208e+03 7.13600e+02
1.40185e+03 6.90600e+02
1.41164e+03 6.72800e+02
1.42143e+03 6.64800e+02
1.43123e+03 6.57800e+02
1.44104e+03 6.52200e+02
1.45087e+03 6.45600e+02
1.46070e+03 6.45800e+02
1.47054e+03 6.51800e+02
1.48040e+03 6.37400e+02
1.49026e+03 6.37200e+02
1.50013e+03 6.39800e+02
1.51002e+03 6.35000e+02
1.51991e+03 6.22800e+02
1.52982e+03 6.22200e+02
1.53973e+03 6.20800e+02
1.54965e+03 6.20600e+02
1.55959e+03 6.17400e+02
1.56953e+03 6.16600e+02
1.57949e+03 6.22000e+02
1.58945e+03 6.20400e+02
1.59943e+03 6.05800e+02
1.60942e+03 6.01400e+02
1.61941e+03 6.02400e+02
1.62942e+03 5.90600e+02
1.63943e+03 5.91200e+02
1.64946e+03 5.97200e+02
1.65950e+03 5.85600e+02
1.66954e+03 5.78400e+02
1.67960e+03 5.70400e+02
1.68967e+03 5.57200e+02
1.69974e+03 5.38000e+02
1.70983e+03 5.39800e+02
1.71993e+03 5.30400e+02
1.73004e+03 5.25800e+02
1.74016e+03 5.29800e+02
1.75028e+03 5.33600e+02
1.76042e+03 5.39000e+02
1.77057e+03 5.23400e+02
1.78073e+03 5.23200e+02
1.79090e+03 5.10600e+02
1.80108e+03 5.15800e+02
1.81127e+03 4.97600e+02
1.82147e+03 5.05200e+02
1.83168e+03 4.99400e+02
1.84190e+03 4.93800e+02
1.85213e+03 4.80000e+02
1.86237e+03 4.73400e+02
1.87262e+03 4.54200e+02
1.88288e+03 4.43600e+02
1.89315e+03 4.31800e+02
1.90343e+03 4.21600e+02
1.91372e+03 4.25600e+02
1.92402e+03 4.30800e+02
1.93433e+03 4.23200e+02
1.94465e+03 4.27800e+02
1.95498e+03 4.25400e+02
1.96533e+03 4.19000e+02
1.97568e+03 4.21400e+02
1.98604e+03 4.23800e+02
1.99641e+03 4.19200e+02
2.00680e+03 4.18000e+02
2.01719e+03 4.09400e+02
2.02759e+03 3.98200e+02
2.03800e+03 3.94000e+02
2.04843e+03 3.89400e+02
2.05886e+03 3.92000e+02
2.06931e+03 4.00200e+02
2.07976e+03 4.06200e+02
2.09022e+03 4.03200e+02
2.10070e+03 4.01800e+02
2.11118e+03 3.97600e+02
2.12168e+03 3.91000e+02
2.13218e+03 3.89000e+02
2.14270e+03 4.02400e+02
2.15322e+03 4.05200e+02
2.16376e+03 4.10200e+02
2.17430e+03 4.09400e+02
2.18486e+03 4.04600e+02
2.19542e+03 3.93000e+02
2.20600e+03 3.89000e+02
2.21659e+03 3.86000e+02
2.22718e+03 3.78000e+02
2.23779e+03 3.71600e+02
2.24840e+03 3.65400e+02
2.25903e+03 3.65000e+02
2.26967e+03 3.51800e+02
2.28032e+03 3.49800e+02
2.29097e+03 3.55600e+02
2.30164e+03 3.55400e+02
2.31232e+03 3.42600e+02
2.32301e+03 3.43000e+02
2.33370e+03 3.40400e+02
2.34441e+03 3.31800e+02
2.35513e+03 3.26200e+02
2.36586e+03 3.27800e+02
2.37660e+03 3.25600e+02
2.38735e+03 3.21000e+02
2.39811e+03 3.23000e+02
2.40888e+03 3.20600e+02
2.41966e+03 3.19600e+02
2.43045e+03 3.09800e+02
2.44125e+03 3.07800e+02
2.45206e+03 3.00600e+02
2.46288e+03 2.98000e+02
2.47371e+03 2.98600e+02
2.48455e+03 3.09000e+02
2.49540e+03 3.08400e+02
2.50626e+03 3.07000e+02
2.51713e+03 3.09200e+02
2.52801e+03 3.13600e+02
2.53890e+03 3.09600e+02
2.54980e+03 3.05600e+02
2.56072e+03 3.02600e+02
2.57164e+03 2.97200e+02
2.58257e+03 2.96400e+02
2.59351e+03 2.88200e+02
2.60446e+03 2.88800e+02
2.61543e+03 2.92600e+02
2.62640e+03 2.99400e+02
2.63738e+03 2.92400e+02
2.64838e+03 2.90400e+02
2.65938e+03 2.92600e+02
2.67039e+03 2.90000e+02
2.68142e+03 2.78800e+02
2.69245e+03 2.72600e+02
2.70350e+03 2.80800e+02
2.71455e+03 2.73400e+02
2.72561e+03 2.71400e+02
2.73669e+03 2.77600e+02
2.74777e+03 2.79000e+02
2.75887e+03 2.75600e+02
2.76997e+03 2.86400e+02
2.78109e+03 2.90800e+02
2.79222e+03 2.85800e+02
2.80335e+03 2.83600e+02
2.81450e+03 2.83600e+02
2.82565e+03 2.82200e+02
2.83682e+03 2.72400e+02
2.84800e+03 2.69600e+02
2.85918e+03 2.69600e+02
2.87038e+03 2.69400e+02
2.88159e+03 2.57400e+02
2.89280e+03 2.54000e+02
2.90403e+03 2.61400e+02
2.91527e+03 2.54000e+02
2.92652e+03 2.50600e+02
2.93777e+03 2.53200e+02
2.94904e+03 2.51400e+02
2.96032e+03 2.36600e+02
2.97161e+03 2.33200e+02
2.98291e+03 2.29000e+02
2.99422e+03 2.24000e+02
3.00553e+03 2.19000e+02
3.01686e+03 2.20400e+02
3.02820e+03 2.27600e+02
3.03955e+03 2.21400e+02
3.05091e+03 2.24000e+02
3.06228e+03 2.32200e+02
3.07366e+03 2.35400e+02
3.08505e+03 2.27800e+02
3.09645e+03 2.25400e+02
3.10786e+03 2.20400e+02
3.11928e+03 2.13800e+02
3.13071e+03 2.06600e+02
3.14216e+03 2.12800e+02
3.15361e+03 2.16600e+02
3.16507e+03 2.16400e+02
3.17654e+03 2.21600e+02
3.18802e+03 2.27600e+02
3.19951e+03 2.18200e+02
3.21102e+03 2.14000e+02
3.22253e+03 2.13200e+02
3.23405e+03 2.10800e+02
3.24558e+03 2.07800e+02
3.25713e+03 2.06200e+02
3.26868e+03 2.07400e+02
3.28024e+03 2.00200e+02
3.29182e+03 1.89000e+02
3.30340e+03 1.76400e+02
3.31499e+03 1.76600e+02
3.32660e+03 1.73667e+02
3.33821e+03 1.75760e+02
3.34983e+03 1.76200e+02
3.36147e+03 1.75378e+02
3.37311e+03 1.75333e+02
3.38477e+03 1.76356e+02
3.39643e+03 1.78222e+02
3.40811e+03 1.80467e+02
3.41979e+03 1.81844e+02
3.43149e+03 1.83178e+02
3.44320e+03 1.85111e+02
3.45491e+03 1.86978e+02
3.46664e+03 1.88200e+02
3.47837e+03 1.88956e+02
3.49012e+03 1.89911e+02
3.50188e+03 1.89222e+02
3.51364e+03 1.88311e+02
3.52542e+03 1.87489e+02
3.53721e+03 1.87222e+02
3.54900e+03 1.85600e+02
3.56081e+03 1.84467e+02
3.57263e+03 1.83178e+02
3.58446e+03 1.82289e+02
3.59630e+03 1.80556e+02
3.60814e+03 1.79867e+02
3.62000e+03 1.78956e+02
3.63187e+03 1.78044e+02
3.64375e+03 1.77289e+02
3.65564e+03 1.77622e+02
3.66754e+03 1.77400e+02
3.67945e+03 1.77200e+02
3.69137e+03 1.76356e+02
3.70329e+03 1.74889e+02
3.71523e+03 1.72778e+02
3.72718e+03 1.70756e+02
3.73914e+03 1.68644e+02
3.75112e+03 1.66044e+02
3.76310e+03 1.63267e+02
3.77509e+03 1.61067e+02
3.78709e+03 1.59089e+02
3.79910e+03 1.58133e+02
3.81112e+03 1.58422e+02
3.82315e+03 1.59422e+02
3.83519e+03 1.60311e+02
3.84724e+03 1.61711e+02
3.85931e+03 1.62867e+02
3.87138e+03 1.64667e+02
3.88346e+03 1.65756e+02
3.89555e+03 1.67311e+02
3.90765e+03 1.68067e+02
3.91977e+03 1.68244e+02
3.93189e+03 1.66800e+02
3.94402e+03 1.65444e+02
3.95617e+03 1.62933e+02
3.96832e+03 1.60489e+02
3.98048e+03 1.58200e+02
3.99266e+03 1.57244e+02
4.00484e+03 1.55556e+02
4.01704e+03 1.53889e+02
4.02924e+03 1.52578e+02
4.04146e+03 1.51422e+02
4.05368e+03 1.49867e+02
4.06591e+03 1.49489e+02
4.07816e+03 1.49867e+02
4.09042e+03 1.49200e+02
4.10268e+03 1.47822e+02
4.11496e+03 1.46622e+02
4.12724e+03 1.45289e+02
4.13954e+03 1.43756e+02
4.15184e+03 1.43156e+02
4.16416e+03 1.43022e+02
4.17649e+03 1.42711e+02
4.18882e+03 1.42267e+02
4.20117e+03 1.42422e+02
4.21353e+03 1.42533e+02
4.22589e+03 1.42578e+02
4.23827e+03 1.43178e+02
4.25066e+03 1.43511e+02
4.26306e+03 1.43467e+02
4.27547e+03 1.43356e+02
4.28788e+03 1.43533e+02
4.30031e+03 1.42978e+02
4.31275e+03 1.42467e+02
4.32520e+03 1.41889e+02
4.33766e+03 1.42156e+02
4.35013e+03 1.42489e+02
4.36261e+03 1.43600e+02
4.37510e+03 1.44667e+02
4.38759e+03 1.45489e+02
4.40010e+03 1.45111e+02
4.41262e+03 1.44911e+02
4.42515e+03 1.43867e+02
4.43769e+03 1.43111e+02
4.45024e+03 1.42000e+02
4.46281e+03 1.40978e+02
4.47538e+03 1.38911e+02
4.48796e+03 1.37244e+02
4.50055e+03 1.35911e+02
4.51315e+03 1.34867e+02
4.52576e+03 1.33511e+02
4.53838e+03 1.33489e+02
4.55101e+03 1.33222e+02
4.56366e+03 1.32622e+02
4.57631e+03 1.32000e+02
4.58897e+03 1.31844e+02
4.60164e+03 1.31067e+02
4.61433e+03 1.30111e+02
4.62702e+03 1.29311e+02
4.63972e+03 1.28667e+02
4.65244e+03 1.27933e+02
4.66516e+03 1.27333e+02
4.67789e+03 1.27289e+02
4.69064e+03 1.26556e+02
4.70339e+03 1.25667e+02
4.71615e+03 1.25000e+02
4.72893e+03 1.24689e+02
4.74171e+03 1.23889e+02
4.75451e+03 1.24067e+02
4.76731e+03 1.24400e+02
4.78013e+03 1.25133e+02
4.79295e+03 1.25311e+02
4.80579e+03 1.25356e+02
4.81863e+03 1.26267e+02
4.83149e+03 1.26911e+02
4.84436e+03 1.26956e+02
4.85723e+03 1.27378e+02
4.87012e+03 1.27644e+02
4.88301e+03 1.25956e+02
4.89592e+03 1.23978e+02
4.90884e+03 1.22044e+02
4.92176e+03 1.20222e+02
4.93470e+03 1.18089e+02
4.94765e+03 1.17644e+02
4.96061e+03 1.18111e+02
4.97357e+03 1.18600e+02
4.98655e+03 1.19378e+02
4.99954e+03 1.21067e+02
5.01254e+03 1.21911e+02
5.02555e+03 1.22133e+02
5.03857e+03 1.23356e+02
5.05159e+03 1.23867e+02
5.06463e+03 1.23622e+02
5.07768e+03 1.22533e+02
5.09074e+03 1.21756e+02
5.10381e+03 1.19933e+02
5.11689e+03 1.18756e+02
5.12998e+03 1.17622e+02
5.14308e+03 1.17311e+02
5.15619e+03 1.16644e+02
5.16931e+03 1.16222e+02
5.18244e+03 1.15489e+02
5.19558e+03 1.15644e+02
5.20873e+03 1.15911e+02
5.22189e+03 1.16200e+02
5.23507e+03 1.15400e+02
5.24825e+03 1.14800e+02
5.26144e+03 1.13889e+02
5.27464e+03 1.12400e+02
5.28785e+03 1.11311e+02
5.30107e+03 1.10600e+02
5.31431e+03 1.09222e+02
5.32755e+03 1.07667e+02
5.34080e+03 1.06933e+02
5.35406e+03 1.06756e+02
5.36734e+03 1.07356e+02
5.38062e+03 1.08511e+02
5.39391e+03 1.09556e+02
5.40722e+03 1.09622e+02
5.42053e+03 1.08844e+02
5.43385e+03 1.07511e+02
5.44719e+03 1.05578e+02
5.46053e+03 1.03889e+02
5.47389e+03 1.02422e+02
5.48725e+03 1.01044e+02
5.50063e+03 9.99556e+01
5.51401e+03 9.96667e+01
5.52741e+03 9.97556e+01
5.54081e+03 1.00511e+02
5.55423e+03 1.01778e+02
5.56765e+03 1.03378e+02
5.58109e+03 1.04178e+02
5.59454e+03 1.05289e+02
5.60799e+03 1.06289e+02
5.62146e+03 1.06711e+02
5.63493e+03 1.06756e+02
5.64842e+03 1.06733e+02
5.66192e+03 1.05933e+02
5.67543e+03 1.04667e+02
5.68894e+03 1.03422e+02
5.70247e+03 1.02311e+02
5.71601e+03 1.00933e+02
5.72956e+03 9.92222e+01
5.74311e+03 9.79778e+01
5.75668e+03 9.66000e+01
5.77026e+03 9.54667e+01
5.78385e+03 9.49111e+01
5.79745e+03 9.48667e+01
5.81106e+03 9.44000e+01
5.82468e+03 9.39556e+01
5.83830e+03 9.32000e+01
5.85194e+03 9.24667e+01
5.86559e+03 9.09778e+01
5.87925e+03 9.01778e+01
5.89292e+03 9.02667e+01
5.90660e+03 9.03111e+01
5.92029e+03 9.00222e+01
5.93399e+03 9.04667e+01
5.94770e+03 9.06000e+01
5.96143e+03 9.03778e+01
5.97516e+03 9.06444e+01
5.98890e+03 9.17111e+01
6.00265e+03 9.28667e+01
6.01641e+03 9.30667e+01
6.03018e+03 9.32889e+01
6.04396e+03 9.35333e+01
6.05776e+03 9.36000e+01
6.07156e+03 9.38444e+01
6.08537e+03 9.50667e+01
6.09919e+03 9.58222e+01
6.11303e+03 9.59778e+01
6.12687e+03 9.57778e+01
6.14072e+03 9.54444e+01
6.15459e+03 9.46889e+01
6.16846e+03 9.39111e+01
6.18234e+03 9.33111e+01
6.19624e+03 9.18667e+01
6.21014e+03 9.00889e+01
6.22405e+03 8.86222e+01
6.23798e+03 8.77111e+01
6.25191e+03 8.62000e+01
6.26586e+03 8.57333e+01
6.27981e+03 8.53111e+01
6.29378e+03 8.48000e+01
6.30775e+03 8.43333e+01
6.32174e+03 8.51111e+01
6.33573e+03 8.60667e+01
6.34974e+03 8.68444e+01
6.36376e+03 8.72000e+01
6.37778e+03 8.76667e+01
6.39182e+03 8.80000e+01
6.40586e+03 8.78889e+01
6.41992e+03 8.86000e+01
6.43399e+03 8.90889e+01
6.44807e+03 8.93111e+01
6.46215e+03 8.86000e+01
6.47625e+03 8.86444e+01
6.49036e+03 8.82000e+01
6.50448e+03 8.81333e+01
6.51860e+03 8.70222e+01
6.53274e+03 8.73333e+01
6.54689e+03 8.68222e+01
6.56105e+03 8.61111e+01
6.57522e+03 8.55333e+01
6.58940e+03 8.60444e+01
6.60358e+03 8.51778e+01
6.61778e+03 8.47556e+01
6.63199e+03 8.45111e+01
6.64621e+03 8.47333e+01
6.66044e+03 8.42222e+01
6.67468e+03 8.41556e+01
6.68893e+03 8.45111e+01
6.70319e+03 8.46889e+01
6.71746e+03 8.47333e+01
6.73174e+03 8.53556e+01
6.74603e+03 8.59333e+01
6.76033e+03 8.59778e+01
6.77465e+03 8.59778e+01
6.78897e+03 8.60444e+01
6.80330e+03 8.59778e+01
6.81764e+03 8.56222e+01
6.83199e+03 8.60000e+01
6.84635e+03 8.61333e+01
6.86073e+03 8.67111e+01
6.87511e+03 8.70000e+01
6.88950e+03 8.77333e+01
6.90390e+03 8.74667e+01
6.91832e+03 8.70889e+01
6.93274e+03 8.59556e+01
6.94717e+03 8.53556e+01
6.96162e+03 8.44889e+01
6.97607e+03 8.35556e+01
6.99053e+03 8.21333e+01
7.00501e+03 8.10444e+01
7.01949e+03 7.95333e+01
7.03399e+03 7.84444e+01
7.04849e+03 7.76222e+01
7.06301e+03 7.80222e+01
7.07753e+03 7.82889e+01
7.09207e+03 7.80222e+01
7.10661e+03 7.76667e+01
7.12117e+03 7.76222e+01
7.13573e+03 7.72889e+01
7.15031e+03 7.71778e+01
7.16489e+03 7.83333e+01
7.17949e+03 7.95111e+01
7.19410e+03 8.00222e+01
7.20871e+03 8.03556e+01
7.22334e+03 8.04889e+01
7.23798e+03 8.03556e+01
7.25262e+03 8.00667e+01
7.26728e+03 7.99556e+01
7.28195e+03 7.99333e+01
7.29662e+03 7.94889e+01
7.31131e+03 7.86889e+01
7.32601e+03 7.77111e+01
7.34072e+03 7.65778e+01
7.35544e+03 7.53111e+01
7.37016e+03 7.41778e+01
7.38490e+03 7.33556e+01
7.39965e+03 7.28444e+01
7.41441e+03 7.23778e+01
7.42918e+03 7.17111e+01
7.44396e+03 7.13556e+01
7.45875e+03 7.10889e+01
7.47355e+03 7.11556e+01
7.48836e+03 7.21778e+01
7.50318e+03 7.37333e+01
7.51801e+03 7.49778e+01
7.53285e+03 7.59556e+01
7.54770e+03 7.63778e+01
7.56256e+03 7.62222e+01
7.57743e+03 7.57556e+01
7.59231e+03 7.53111e+01
7.60720e+03 7.46444e+01
7.62210e+03 7.37333e+01
7.63702e+03 7.23778e+01
7.65194e+03 7.09778e+01
7.66687e+03 6.97333e+01
7.68181e+03 6.90889e+01
7.69676e+03 6.89778e+01
7.71173e+03 6.95556e+01
7.72670e+03 7.02000e+01
7.74168e+03 7.09111e+01
7.75667e+03 7.14222e+01
7.77168e+03 7.18889e+01
7.78669e+03 7.19778e+01
7.80171e+03 7.22222e+01
7.81675e+03 7.18222e+01
7.83179e+03 7.12222e+01
7.84685e+03 7.01111e+01
7.86191e+03 6.93111e+01
7.87699e+03 6.81556e+01
7.89207e+03 6.74000e+01
7.90716e+03 6.65111e+01
7.92227e+03 6.61333e+01
7.93738e+03 6.56667e+01
7.95251e+03 6.61333e+01
7.96765e+03 6.66667e+01
7.98279e+03 6.76889e+01
7.99795e+03 6.92667e+01
8.01311e+03 7.08444e+01
8.02829e+03 7.18222e+01
8.04348e+03 7.27111e+01
8.05867e+03 7.33333e+01
8.07388e+03 7.32444e+01
8.08910e+03 7.28000e+01
8.10432e+03 7.23556e+01
8.11956e+03 7.22444e+01
8.13481e+03 7.11333e+01
8.15006e+03 7.08222e+01
8.16533e+03 7.08222e+01
8.18061e+03 7.12000e+01
8.19590e+03 7.16444e+01
8.21120e+03 7.30889e+01
8.22651e+03 7.39778e+01
8.24182e+03 7.48000e+01
8.25715e+03 7.49778e+01
8.27249e+03 7.47556e+01
8.28784e+03 7.38222e+01
8.30320e+03 7.28444e+01
8.31857e+03 7.17556e+01
8.33395e+03 7.05556e+01
8.34934e+03 6.91778e+01
8.36474e+03 6.80000e+01
8.38015e+03 6.68000e+01
8.39557e+03 6.58000e+01
8.41100e+03 6.53333e+01
8.42644e+03 6.49556e+01
8.44189e+03 6.47556e+01
8.45735e+03 6.43778e+01
8.47283e+03 6.38667e+01
8.48831e+03 6.36000e+01
8.50380e+03 6.37778e+01
8.51930e+03 6.39333e+01
8.53481e+03 6.39556e+01
8.55034e+03 6.44444e+01
8.56587e+03 6.47556e+01
8.58141e+03 6.46444e+01
8.59696e+03 6.52444e+01
8.61253e+03 6.60222e+01
8.62810e+03 6.60889e+01
8.64368e+03 6.59333e+01
8.65928e+03 6.58444e+01
8.67488e+03 6.51556e+01
8.69049e+03 6.44222e+01
8.70612e+03 6.40222e+01
8.72175e+03 6.39333e+01
8.73740e+03 6.34000e+01
8.75305e+03 6.30444e+01
8.76871e+03 6.26444e+01
8.78439e+03 6.16667e+01
8.80007e+03 6.07778e+01
8.81577e+03 6.04889e+01
8.83148e+03 6.01778e+01
8.84719e+03 5.94000e+01
8.86292e+03 5.89556e+01
8.87865e+03 5.85778e+01
8.89440e+03 5.82889e+01
8.91016e+03 5.77778e+01
8.92592e+03 5.82222e+01
8.94170e+03 5.90444e+01
8.95749e+03 5.98000e+01
8.97328e+03 6.02889e+01
8.98909e+03 6.12222e+01
9.00491e+03 6.19556e+01
9.02073e+03 6.24000e+01
9.03657e+03 6.25111e+01
9.05242e+03 6.27333e+01
9.06828e+03 6.29111e+01
9.08415e+03 6.26889e+01
9.10002e+03 6.20222e+01
9.11591e+03 6.12667e+01
9.13181e+03 6.09556e+01
9.14772e+03 5.98889e+01
9.16364e+03 5.87333e+01
9.17957e+03 5.81333e+01
9.19551e+03 5.78667e+01
9.21146e+03 5.66444e+01
9.22742e+03 5.58444e+01
9.24339e+03 5.57778e+01
9.25937e+03 5.57333e+01
9.27536e+03 5.48667e+01
9.29136e+03 5.47111e+01
9.30737e+03 5.54444e+01
9.32339e+03 5.58000e+01
9.33942e+03 5.62000e+01
9.35546e+03 5.73111e+01
9.37152e+03 5.84222e+01
9.38758e+03 5.89111e+01
9.40365e+03 5.93111e+01
9.41973e+03 5.98000e+01
9.43582e+03 6.04444e+01
9.45193e+03 6.01111e+01
9.46804e+03 5.93556e+01
9.48416e+03 5.86000e+01
9.50029e+03 5.80667e+01
9.51644e+03 5.69778e+01
9.53259e+03 5.61111e+01
9.54875e+03 5.54889e+01
9.56493e+03 5.52889e+01
9.58111e+03 5.40667e+01
9.59730e+03 5.33778e+01
9.61351e+03 5.32889e+01
9.62972e+03 5.32889e+01
9.64595e+03 5.27778e+01
9.66218e+03 5.30000e+01
9.67843e+03 5.32889e+01
9.69468e+03 5.35333e+01
9.71095e+03 5.35111e+01
9.72722e+03 5.40222e+01
9.74351e+03 5.42222e+01
9.75980e+03 5.43778e+01
9.77611e+03 5.44889e+01
9.79243e+03 5.48444e+01
9.80875e+03 5.44889e+01
9.82509e+03 5.43333e+01
9.84144e+03 5.40444e+01
9.85779e+03 5.37333e+01
9.87416e+03 5.36444e+01
9.89054e+03 5.41556e+01
9.90692e+03 5.41333e+01
9.92332e+03 5.37778e+01
9.93973e+03 5.31778e+01
9.95615e+03 5.23778e+01
9.97257e+03 5.12667e+01
9.98901e+03 5.05111e+01
1.00055e+04 5.00889e+01
1.00219e+04 4.99333e+01
1.00384e+04 4.95111e+01
1.00549e+04 4.96222e+01
1.00714e+04 5.02000e+01
1.00879e+04 5.09556e+01
1.01044e+04 5.21556e+01
1.01209e+04 5.34444e+01
1.01374e+04 5.40667e+01
1.01540e+04 5.39778e+01
1.01705e+04 5.37556e+01
1.01871e+04 5.30444e+01
1.02036e+04 5.22000e+01
1.02202e+04 5.14889e+01
1.02368e+04 5.11556e+01
1.02534e+04 5.05333e+01
1.02700e+04 5.02222e+01
1.02866e+04 5.04889e+01
1.03033e+04 5.08667e+01
1.03199e+04 5.09111e+01
1.03366e+04 5.11556e+01
1.03532e+04 5.14222e+01
1.03699e+04 5.14000e+01
1.03866e+04 5.11778e+01
1.04033e+04 5.13111e+01
1.04200e+04 5.13111e+01
1.04367e+04 5.10000e+01
1.04534e+04 5.08222e+01
1.04701e+04 5.08222e+01
1.04869e+04 5.08444e+01
1.05036e+04 5.12000e+01
1.05204e+04 5.14889e+01
1.05372e+04 5.21333e+01
1.05540e+04 5.25778e+01
1.05708e+04 5.28667e+01
1.05876e+04 5.31111e+01
1.06044e+04 5.34444e+01
1.06212e+04 5.30667e+01
1.06380e+04 5.29111e+01
1.06549e+04 5.24444e+01
1.06717e+04 5.18667e+01
1.06886e+04 5.09111e+01
1.07055e+04 4.98000e+01
1.07224e+04 4.90000e+01
1.07393e+04 4.85778e+01
1.07562e+04 4.80889e+01
1.07731e+04 4.82222e+01
1.07900e+04 4.85778e+01
1.08070e+04 4.84444e+01
1.08239e+04 4.85333e+01
1.08409e+04 4.86667e+01
1.08578e+04 4.90889e+01
1.08748e+04 4.92667e+01
1.08918e+04 4.95333e+01
1.09088e+04 5.00222e+01
1.09258e+04 5.01556e+01
1.09428e+04 4.96889e+01
1.09598e+04 4.96667e+01
1.09769e+04 4.95111e+01
1.09939e+04 4.89111e+01
1.10110e+04 4.88444e+01
1.10281e+04 4.92444e+01
1.10451e+04 4.96444e+01
1.10622e+04 4.99111e+01
1.10793e+04 5.03111e+01
1.10964e+04 5.02444e+01
1.11136e+04 5.00444e+01
1.11307e+04 4.94000e+01
1.11478e+04 4.88444e+01
1.11650e+04 4.80889e+01
1.11821e+04 4.71778e+01
1.11993e+04 4.56444e+01
1.12165e+04 4.44667e+01
1.12337e+04 4.37333e+01
1.12509e+04 4.35111e+01
1.12681e+04 4.36000e+01
1.12853e+04 4.43556e+01
1.13025e+04 4.53111e+01
1.13198e+04 4.57556e+01
1.13370e+04 4.56222e+01
1.13543e+04 4.58222e+01
1.13716e+04 4.54889e+01
1.13889e+04 4.51556e+01
1.14062e+04 4.49778e+01
1.14235e+04 4.48000e+01
1.14408e+04 4.42667e+01
1.14581e+04 4.39111e+01
1.14754e+04 4.32000e+01
1.14928e+04 4.26444e+01
1.15101e+04 4.26222e+01
1.15275e+04 4.31556e+01
1.15449e+04 4.32222e+01
1.15623e+04 4.36889e+01
1.15796e+04 4.45111e+01
1.15971e+04 4.51778e+01
1.16145e+04 4.57556e+01
1.16319e+04 4.72444e+01
1.16493e+04 4.84000e+01
1.16668e+04 4.87556e+01
1.16842e+04 4.89333e+01
1.17017e+04 4.89556e+01
1.17192e+04 4.89556e+01
1.17367e+04 4.86667e+01
1.17542e+04 4.83111e+01
1.17717e+04 4.77111e+01
1.17892e+04 4.69111e+01
1.18067e+04 4.58889e+01
1.18242e+04 4.51556e+01
1.18418e+04 4.48889e+01
1.18593e+04 4.50667e+01
1.18769e+04 4.49111e+01
1.18945e+04 4.45333e+01
1.19121e+04 4.49111e+01
1.19297e+04 4.51111e+01
1.19473e+04 4.48000e+01
1.19649e+04 4.46889e+01
1.19825e+04 4.46000e+01
1.20002e+04 4.38000e+01
1.20178e+04 4.29333e+01
1.20355e+04 4.22000e+01
1.20532e+04 4.20444e+01
1.20708e+04 4.16667e+01
1.20885e+04 4.14222e+01
1.21062e+04 4.19556e+01
1.21239e+04 4.30889e+01
1.21417e+04 4.41111e+01
1.21594e+04 4.55333e+01
1.21771e+04 4.67778e+01
1.21949e+04 4.75111e+01
1.22126e+04 4.74000e+01
1.22304e+04 4.68000e+01
1.22482e+04 4.61111e+01
1.22660e+04 4.52000e+01
1.22838e+04 4.41111e+01
1.23016e+04 4.32889e+01
1.23194e+04 4.24444e+01
1.23373e+04 4.18000e+01
1.23551e+04 4.16667e+01
1.23729e+04 4.18667e+01
1.23908e+04 4.24222e+01
1.24087e+04 4.31111e+01
1.24266e+04 4.33778e+01
1.24445e+04 4.34444e+01
1.24624e+04 4.32667e+01
1.24803e+04 4.28444e+01
1.24982e+04 4.23333e+01
1.25161e+04 4.20000e+01
1.25341e+04 4.16222e+01
1.25520e+04 4.15111e+01
1.25700e+04 4.14667e+01
1.25880e+04 4.16000e+01
1.26060e+04 4.18222e+01
1.26240e+04 4.20444e+01
1.26420e+04 4.20444e+01
1.26600e+04 4.21333e+01
1.26780e+04 4.22444e+01
1.26960e+04 4.21333e+01
1.27141e+04 4.17111e+01
1.27321e+04 4.10222e+01
1.27502e+04 4.02889e+01
1.27683e+04 3.94667e+01
1.27864e+04 3.93556e+01
1.28045e+04 3.99333e+01
1.28226e+04 4.07778e+01
1.28407e+04 4.16000e+01
1.28588e+04 4.28444e+01
1.28770e+04 4.38889e+01
1.28951e+04 4.51778e+01
1.29133e+04 4.65778e+01
1.29314e+04 4.78444e+01
1.29496e+04 4.83333e+01
1.29678e+04 4.81778e+01
1.29860e+04 4.74889e+01
1.30042e+04 4.64889e+01
1.30224e+04 4.50667e+01
1.30407e+04 4.40222e+01
1.30589e+04 4.29556e+01
1.30771e+04 4.18667e+01
1.30954e+04 4.11333e+01
1.31137e+04 4.07778e+01
1.31320e+04 4.08000e+01
1.31503e+04 4.12667e+01
1.31686e+04 4.16444e+01
1.31869e+04 4.20667e+01
1.32052e+04 4.26444e+01
1.32235e+04 4.27778e+01
1.32419e+04 4.27111e+01
1.32602e+04 4.28667e+01
1.32786e+04 4.28000e+01
1.32969e+04 4.24000e+01
1.33153e+04 4.18444e+01
1.33337e+04 4.14222e+01
1.33521e+04 4.11333e+01
1.33705e+04 4.03556e+01
1.33890e+04 3.99333e+01
1.34074e+04 3.96667e+01
1.34258e+04 3.91111e+01
1.34443e+04 3.83333e+01
1.34627e+04 3.78000e+01
1.34812e+04 3.74667e+01
1.34997e+04 3.72222e+01
1.35182e+04 3.71556e+01
1.35367e+04 3.71778e+01
1.35552e+04 3.74889e+01
1.35737e+04 3.77556e+01
1.35923e+04 3.82667e+01
1.36108e+04 3.88222e+01
1.36294e+04 3.92667e+01
1.36479e+04 3.95778e+01
1.36665e+04 3.99778e+01
1.36851e+04 4.03556e+01
1.37037e+04 4.08000e+01
1.37223e+04 4.12000e+01
1.37409e+04 4.15778e+01
1.37595e+04 4.12889e+01
1.37782e+04 4.10889e+01
1.37968e+04 4.11111e+01
1.38155e+04 4.12444e+01
1.38342e+04 4.10889e+01
1.38528e+04 4.09111e+01
1.38715e+04 4.03111e+01
1.38902e+04 3.95333e+01
1.39089e+04 3.86889e+01
1.39276e+04 3.84222e+01
1.39464e+04 3.82222e+01
1.39651e+04 3.77111e+01
1.39839e+04 3.71333e+01
1.40026e+04 3.68444e+01
1.40214e+04 3.62222e+01
1.40402e+04 3.60667e+01
1.40590e+04 3.60222e+01
1.40778e+04 3.58222e+01
1.40966e+04 3.55333e+01
1.41154e+04 3.54889e+01
1.41342e+04 3.54889e+01
1.41531e+04 3.56444e+01
1.41719e+04 3.58667e+01
1.41908e+04 3.60667e+01
1.42096e+04 3.62444e+01
1.42285e+04 3.65333e+01
1.42474e+04 3.67556e+01
1.42663e+04 3.69556e+01
1.42852e+04 3.69778e+01
1.43041e+04 3.72889e+01
1.43231e+04 3.73111e+01
1.43420e+04 3.73556e+01
1.43610e+04 3.75556e+01
1.43799e+04 3.75111e+01
1.43989e+04 3.73111e+01
1.44179e+04 3.72444e+01
1.44369e+04 3.71778e+01
1.44559e+04 3.70000e+01
1.44749e+04 3.65556e+01
1.44939e+04 3.59778e+01
1.45129e+04 3.53333e+01
1.45320e+04 3.51556e+01
1.45510e+04 3.52667e+01
1.45701e+04 3.58667e+01
1.45892e+04 3.69778e+01
1.46083e+04 3.80000e+01
1.46274e+04 3.89333e+01
1.46465e+04 3.98667e+01
1.46656e+04 4.09778e+01
1.46847e+04 4.15111e+01
1.47038e+04 4.16667e+01
1.47230e+04 4.17111e+01
1.47421e+04 4.16000e+01
1.47613e+04 4.08444e+01
1.47805e+04 4.00000e+01
1.47997e+04 3.94444e+01
1.48189e+04 3.89111e+01
1.48381e+04 3.82444e+01
1.48573e+04 3.81556e+01
1.48765e+04 3.82444e+01
1.48958e+04 3.84444e+01
1.49150e+04 3.80444e+01
1.49343e+04 3.78667e+01
1.49535e+04 3.77556e+01
1.49728e+04 3.76667e+01
1.49921e+04 3.75111e+01
1.50114e+04 3.75778e+01
1.50307e+04 3.77111e+01
1.50500e+04 3.76222e+01
1.50693e+04 3.72222e+01
1.50887e+04 3.72444e+01
1.51080e+04 3.77333e+01
1.51274e+04 3.79333e+01
1.51468e+04 3.82444e+01
1.51661e+04 3.87111e+01
1.51855e+04 3.87778e+01
1.52049e+04 3.84000e+01
1.52243e+04 3.81111e+01
1.52438e+04 3.79556e+01
1.52632e+04 3.77556e+01
1.52826e+04 3.74000e+01
1.53021e+04 3.74667e+01
1.53215e+04 3.72889e+01
1.53410e+04 3.72667e+01
1.53605e+04 3.73111e+01
1.53800e+04 3.76889e+01
1.53995e+04 3.80000e+01
1.54190e+04 3.85333e+01
1.54385e+04 3.88444e+01
1.54581e+04 3.92444e+01
1.54776e+04 3.92889e+01
1.54971e+04 3.92667e+01
1.55167e+04 3.89778e+01
1.55363e+04 3.85778e+01
1.55559e+04 3.79111e+01
1.55755e+04 3.74222e+01
1.55951e+04 3.68222e+01
1.56147e+04 3.65778e+01
1.56343e+04 3.63333e+01
1.56539e+04 3.64222e+01
1.56736e+04 3.67778e+01
1.56932e+04 3.70889e+01
1.57129e+04 3.74222e+01
1.57326e+04 3.78889e+01
1.57523e+04 3.83111e+01
1.57720e+04 3.88222e+01
1.57917e+04 3.91111e+01
1.58114e+04 3.92889e+01
1.58311e+04 3.93556e+01
1.58508e+04 3.90000e+01
1.58706e+04 3.86667e+01
1.58903e+04 3.84444e+01
1.59101e+04 3.83556e+01
1.59299e+04 3.82889e+01
1.59497e+04 3.81333e+01
1.59695e+04 3.79778e+01
1.59893e+04 3.82667e+01
1.60091e+04 3.85556e+01
1.60289e+04 3.89333e+01
1.60488e+04 3.98667e+01
1.60686e+04 4.06222e+01
1.60885e+04 4.10444e+01
1.61083e+04 4.13333e+01
1.61282e+04 4.15556e+01
1.61481e+04 4.15333e+01
1.61680e+04 4.10667e+01
1.61879e+04 4.09778e+01
1.62078e+04 4.10889e+01
1.62277e+04 4.05333e+01
1.62477e+04 4.03111e+01
1.62676e+04 4.02889e+01
1.62876e+04 3.97556e+01
1.63076e+04 3.94667e+01
1.63275e+04 3.97111e+01
1.63475e+04 4.01333e+01
1.63675e+04 4.02889e+01
1.63875e+04 4.08444e+01
1.64076e+04 4.12889e+01
1.64276e+04 4.13556e+01
1.64476e+04 4.14000e+01
1.64677e+04 4.19333e+01
1.64877e+04 4.20667e+01
1.65078e+04 4.18222e+01
1.65279e+04 4.19111e+01
1.65480e+04 4.14667e+01
1.65681e+04 4.04000e+01
1.65882e+04 3.95111e+01
1.66083e+04 3.90667e+01
1.66285e+04 3.85556e+01
1.66486e+04 3.83778e+01
1.66688e+04 3.86889e+01
1.66889e+04 3.90667e+01
1.67091e+04 3.88444e+01
1.67293e+04 3.88667e+01
1.67495e+04 3.86000e+01
1.67697e+04 3.84222e+01
1.67899e+04 3.81556e+01
1.68101e+04 3.77333e+01
1.68304e+04 3.69778e+01
1.68506e+04 3.59778e+01
1.68708e+04 3.50889e+01
1.68911e+04 3.42444e+01
1.69114e+04 3.36222e+01
1.69317e+04 3.38667e+01
1.69520e+04 3.43778e+01
1.69723e+04 3.46222e+01
1.69926e+04 3.52889e+01
1.70129e+04 3.60889e+01
1.70333e+04 3.66444e+01
1.70536e+04 3.71778e+01
1.70740e+04 3.76444e+01
1.70943e+04 3.81556e+01
1.71147e+04 3.80889e+01
1.71351e+04 3.79556e+01
1.71555e+04 3.83333e+01
1.71759e+04 3.86889e+01
1.71963e+04 3.89111e+01
1.72167e+04 3.99111e+01
1.72372e+04 4.05111e+01
1.72576e+04 4.08667e+01
1.72781e+04 4.11556e+01
1.72986e+04 4.12000e+01
1.73190e+04 4.06222e+01
1.73395e+04 4.01111e+01
1.73600e+04 3.93556e+01
1.73805e+04 3.86000e+01
1.74010e+04 3.75111e+01
1.74216e+04 3.74889e+01
1.74421e+04 3.74222e+01
1.74627e+04 3.75333e+01
1.74832e+04 3.81778e+01
1.75038e+04 3.95556e+01
1.75244e+04 4.03111e+01
1.75450e+04 4.12000e+01
1.75656e+04 4.23556e+01
1.75862e+04 4.34222e+01
1.76068e+04 4.36222e+01
1.76274e+04 4.38000e+01
1.76481e+04 4.39111e+01
1.76687e+04 4.36667e+01
1.76894e+04 4.28000e+01
1.77101e+04 4.25333e+01
1.77307e+04 4.22444e+01
1.77514e+04 4.18000e+01
1.77721e+04 4.12222e+01
1.77928e+04 4.11333e+01
1.78136e+04 4.09111e+01
1.78343e+04 4.09556e+01
1.78550e+04 4.11111e+01
1.78758e+04 4.15556e+01
1.78966e+04 4.17556e+01
1.79173e+04 4.22667e+01
1.79381e+04 4.27111e+01
1.79589e+04 4.31778e+01
1.79797e+04 4.32222e+01
1.80005e+04 4.40889e+01
1.80214e+04 4.43778e+01
1.80422e+04 4.43778e+01
1.80630e+04 4.44667e+01
1.80839e+04 4.47111e+01
1.81048e+04 4.40444e+01
1.81256e+04 4.36222e+01
1.81465e+04 4.31111e+01
1.81674e+04 4.30222e+01
1.81883e+04 4.26667e+01
1.82092e+04 4.29111e+01
1.82302e+04 4.32444e+01
1.82511e+04 4.39556e+01
1.82720e+04 4.44222e+01
1.82930e+04 4.48444e+01
1.83140e+04 4.45111e+01
1.83350e+04 4.45556e+01
1.83559e+04 4.42444e+01
1.83769e+04 4.36222e+01
1.83979e+04 4.32222e+01
1.84190e+04 4.35111e+01
1.84400e+04 4.32667e+01
1.84610e+04 4.30889e+01
1.84821e+04 4.33333e+01
1.85031e+04 4.40000e+01
1.85242e+04 4.44667e+01
1.85453e+04 4.51556e+01
1.85664e+04 4.59556e+01
1.85875e+04 4.67778e+01
1.86086e+04 4.74889e+01
1.86297e+04 4.76667e+01
1.86508e+04 4.74000e+01
1.86720e+04 4.70000e+01
1.86931e+04 4.64000e+01
1.87143e+04 4.53778e+01
1.87355e+04 4.46444e+01
1.87566e+04 4.40444e+01
1.87778e+04 4.32444e+01
1.87990e+04 4.20000e+01
1.88202e+04 4.14444e+01
1.88415e+04 4.17556e+01
1.88627e+04 4.22889e+01
1.88839e+04 4.29556e+01
1.89052e+04 4.37111e+01
1.89264e+04 4.43778e+01
1.89477e+04 4.42889e+01
1.89690e+04 4.41333e+01
1.89903e+04 4.43778e+01
1.90116e+04 4.49333e+01
1.90329e+04 4.48222e+01
1.90542e+04 4.52889e+01
1.90756e+04 4.61111e+01
1.90969e+04 4.68222e+01
1.91183e+04 4.68667e+01
1.91396e+04 4.75111e+01
1.91610e+04 4.74889e+01
1.91824e+04 4.74222e+01
1.92038e+04 4.75111e+01
1.92252e+04 4.85111e+01
1.92466e+04 4.90222e+01
1.92680e+04 4.96444e+01
1.92895e+04 4.99111e+01
1.93109e+04 5.05111e+01
1.93324e+04 5.08000e+01
1.93538e+04 5.13111e+01
1.93753e+04 5.12889e+01
1.93968e+04 5.11111e+01
1.94183e+04 4.99111e+01
1.94398e+04 4.84889e+01
1.94613e+04 4.68000e+01
1.94828e+04 4.58889e+01
1.95044e+04 4.51556e+01
1.95259e+04 4.44444e+01
1.95475e+04 4.40222e+01
1.95691e+04 4.40444e+01
1.95906e+04 4.33778e+01
1.96122e+04 4.26667e+01
1.96338e+04 4.23111e+01
1.96554e+04 4.19111e+01
1.96770e+04 4.14000e+01
1.96987e+04 4.09333e+01
1.97203e+04 4.07333e+01
1.97420e+04 4.06667e+01
1.97636e+04 4.05333e+01
1.97853e+04 4.09333e+01
1.98070e+04 4.20000e+01
1.98287e+04 4.30667e+01
1.98504e+04 4.42889e+01
1.98721e+04 4.57778e+01
1.98938e+04 4.73111e+01
1.99155e+04 4.86222e+01
1.99373e+04 4.96667e+01
1.99590e+04 5.06000e+01
1.99808e+04 5.09556e+01
2.00025e+04 5.07778e+01
2.00243e+04 5.06444e+01
2.00461e+04 5.04222e+01
2.00679e+04 4.98667e+01
2.00897e+04 4.92889e+01
2.01116e+04 4.89111e+01
2.01334e+04 4.84000e+01
2.01552e+04 4.80444e+01
2.01771e+04 4.83111e+01
2.01989e+04 4.88444e+01
2.02208e+04 4.90222e+01
2.02427e+04 4.93778e+01
2.02646e+04 4.96222e+01
2.02865e+04 4.92000e+01
2.03084e+04 4.87111e+01
2.03303e+04 4.82889e+01
2.03523e+04 4.75556e+01
2.03742e+04 4.69333e+01
2.03962e+04 4.66889e+01
2.04181e+04 4.70667e+01
2.04401e+04 4.74000e+01
2.04621e+04 4.79556e+01
2.04841e+04 4.85778e+01
2.05061e+04 4.90667e+01
2.05281e+04 4.92222e+01
2.05501e+04 4.97556e+01
2.05722e+04 5.01556e+01
2.05942e+04 5.03333e+01
2.06163e+04 5.02889e+01
2.06383e+04 4.99778e+01
2.06604e+04 4.95111e+01
2.06825e+04 4.94444e+01
2.07046e+04 4.97333e+01
2.07267e+04 5.00667e+01
2.07488e+04 5.05111e+01
2.07709e+04 5.10444e+01
2.07931e+04 5.15111e+01
2.08152e+04 5.15556e+01
2.08374e+04 5.21111e+01
2.08596e+04 5.27333e+01
2.08817e+04 5.27556e+01
2.09039e+04 5.27333e+01
2.09261e+04 5.35778e+01
2.09483e+04 5.39111e+01
2.09705e+04 5.35556e+01
2.09928e+04 5.33556e+01
2.10150e+04 5.33333e+01
2.10373e+04 5.26222e+01
2.10595e+04 5.20444e+01
2.10818e+04 5.21778e+01
2.11041e+04 5.20444e+01
2.11264e+04 5.13778e+01
2.11487e+04 5.07556e+01
2.11710e+04 5.06444e+01
2.11933e+04 5.04444e+01
2.12156e+04 5.06667e+01
2.12380e+04 5.06889e+01
2.12603e+04 5.09778e+01
2.12827e+04 5.10444e+01
2.13051e+04 5.18222e+01
2.13274e+04 5.24000e+01
2.13498e+04 5.37556e+01
2.13722e+04 5.45778e+01
2.13946e+04 5.52667e+01
2.14171e+04 5.52222e+01
2.14395e+04 5.56889e+01
2.14619e+04 5.58889e+01
2.14844e+04 5.62667e+01
2.15069e+04 5.60222e+01
2.15293e+04 5.60889e+01
2.15518e+04 5.57778e+01
2.15743e+04 5.54444e+01
2.15968e+04 5.51778e+01
2.16193e+04 5.54000e+01
2.16419e+04 5.53556e+01
2.16644e+04 5.55333e+01
2.16869e+04 5.56222e+01
2.17095e+04 5.58444e+01
2.17321e+04 5.63556e+01
2.17546e+04 5.68444e+01
2.17772e+04 5.76222e+01
2.17998e+04 5.79778e+01
2.18224e+04 5.85778e+01
2.18450e+04 5.89778e+01
2.18677e+04 5.89778e+01
2.18903e+04 5.85111e+01
2.19129e+04 5.89111e+01
2.19356e+04 5.87111e+01
2.19583e+04 5.86222e+01
2.19809e+04 5.87111e+01
2.20036e+04 5.96222e+01
2.20263e+04 5.97333e+01
2.20490e+04 6.00667e+01
2.20717e+04 6.01111e+01
2.20945e+04 6.06000e+01
2.21172e+04 5.99333e+01
2.21400e+04 5.92444e+01
2.21627e+04 5.82667e+01
2.21855e+04 5.74889e+01
2.22083e+04 5.60222e+01
2.22311e+04 5.48000e+01
2.22539e+04 5.41111e+01
2.22767e+04 5.40889e+01
2.22995e+04 5.41556e+01
2.23223e+04 5.46667e+01
2.23452e+04 5.58667e+01
2.23680e+04 5.73778e+01
2.23909e+04 5.86000e+01
2.24137e+04 5.96444e+01
2.24366e+04 6.11556e+01
2.24595e+04 6.17556e+01
2.24824e+04 6.15111e+01
2.25053e+04 6.06222e+01
2.25282e+04 6.01556e+01
2.25512e+04 5.91111e+01
2.25741e+04 5.84444e+01
2.25971e+04 5.81111e+01
2.26200e+04 5.81778e+01
2.26430e+04 5.77778e+01
2.26660e+04 5.81111e+01
2.26890e+04 5.87333e+01
2.27120e+04 6.00667e+01
2.27350e+04 6.12000e+01
2.27580e+04 6.25333e+01
2.27810e+04 6.30444e+01
2.28041e+04 6.31111e+01
2.28271e+04 6.30667e+01
2.28502e+04 6.32444e+01
2.28733e+04 6.33111e+01
2.28964e+04 6.36667e+01
2.29195e+04 6.41333e+01
2.29426e+04 6.42667e+01
2.29657e+04 6.49556e+01
2.29888e+04 6.61111e+01
2.30119e+04 6.75111e+01
2.30351e+04 6.87333e+01
2.30582e+04 7.00000e+01
2.30814e+04 7.08444e+01
2.31046e+04 7.12444e+01
2.31278e+04 7.13111e+01
2.31510e+04 7.16222e+01
2.31742e+04 7.11778e+01
2.31974e+04 7.02000e+01
2.32206e+04 6.90000e+01
2.32438e+04 6.82222e+01
2.32671e+04 6.74889e+01
2.32904e+04 6.71778e+01
2.33136e+04 6.74889e+01
2.33369e+04 6.83778e+01
2.33602e+04 6.92667e+01
2.33835e+04 7.01556e+01
2.34068e+04 7.07556e+01
2.34301e+04 7.14000e+01
2.34534e+04 7.14889e+01
2.34768e+04 7.11778e+01
2.35001e+04 7.10667e+01
2.35235e+04 7.13556e+01
2.35469e+04 7.12000e+01
2.35702e+04 7.10667e+01
2.35936e+04 7.07778e+01
2.36170e+04 7.06444e+01
2.36404e+04 7.05111e+01
2.36638e+04 7.08000e+01
2.36873e+04 7.11333e+01
2.37107e+04 7.14000e+01
2.37342e+04 7.14222e+01
2.37576e+04 7.10889e+01
2.37811e+04 7.02444e+01
2.38046e+04 6.96222e+01
2.38281e+04 6.90667e+01
2.38516e+04 6.85556e+01
2.38751e+04 6.84000e+01
2.38986e+04 6.84444e+01
2.39221e+04 6.85778e+01
2.39457e+04 6.86889e+01
2.39692e+04 6.86444e+01
2.39928e+04 6.94000e+01
2.40164e+04 7.04667e+01
2.40400e+04 7.14667e+01
2.40635e+04 7.24667e+01
2.40871e+04 7.37111e+01
2.41108e+04 7.45556e+01
2.41344e+04 7.49778e+01
2.41580e+04 7.52667e+01
2.41817e+04 7.58000e+01
2.42053e+04 7.56000e+01
2.42290e+04 7.52667e+01
2.42527e+04 7.58667e+01
2.42763e+04 7.70667e+01
2.43000e+04 7.82889e+01
2.43237e+04 7.96000e+01
2.43475e+04 8.11556e+01
2.43712e+04 8.22000e+01
2.43949e+04 8.27333e+01
2.44187e+04 8.27556e+01
2.44424e+04 8.26667e+01
2.44662e+04 8.14667e+01
2.44900e+04 8.01111e+01
2.45137e+04 7.87111e+01
2.45375e+04 7.80667e+01
2.45613e+04 7.75778e+01
2.45852e+04 7.78889e+01
2.46090e+04 7.84889e+01
2.46328e+04 7.94000e+01
2.46567e+04 8.02667e+01
2.46805e+04 8.16889e+01
2.47044e+04 8.26667e+01
2.47283e+04 8.30222e+01
2.47522e+04 8.31333e+01
2.47761e+04 8.32889e+01
2.48000e+04 8.28222e+01
2.48239e+04 8.26667e+01
2.48478e+04 8.30889e+01
2.48718e+04 8.39111e+01
2.48957e+04 8.44222e+01
2.49197e+04 8.53111e+01
2.49436e+04 8.63333e+01
2.49676e+04 8.69778e+01
2.49916e+04 8.70222e+01
2.50156e+04 8.70000e+01
2.50396e+04 8.71556e+01
2.50636e+04 8.75556e+01
2.50877e+04 8.77333e+01
2.51117e+04 8.79556e+01
2.51358e+04 8.81111e+01
2.51598e+04 8.79778e+01
2.51839e+04 8.74444e+01
2.52080e+04 8.74667e+01
2.52321e+04 8.83333e+01
2.52562e+04 8.91778e+01
2.52803e+04 8.94667e+01
2.53044e+04 8.97556e+01
2.53285e+04 8.99333e+01
2.53527e+04 8.98222e+01
2.53768e+04 9.00667e+01
2.54010e+04 9.11556e+01
2.54252e+04 9.26444e+01
2.54494e+04 9.39333e+01
2.54735e+04 9.47333e+01
2.54977e+04 9.56444e+01
2.55220e+04 9.60444e+01
2.55462e+04 9.61333e+01
2.55704e+04 9.60222e+01
2.55947e+04 9.55778e+01
2.56189e+04 9.52222e+01
2.56432e+04 9.43111e+01
2.56675e+04 9.28889e+01
2.56917e+04 9.19778e+01
2.57160e+04 9.12889e+01
2.57403e+04 9.06444e+01
2.57647e+04 9.15111e+01
2.57890e+04 9.31333e+01
2.58133e+04 9.50000e+01
2.58377e+04 9.70444e+01
2.58620e+04 9.88222e+01
2.58864e+04 1.00200e+02
2.59108e+04 1.01778e+02
2.59352e+04 1.03089e+02
2.59596e+04 1.04533e+02
2.59840e+04 1.05467e+02
2.60084e+04 1.06067e+02
2.60328e+04 1.05911e+02
2.60572e+04 1.05311e+02
2.60817e+04 1.04756e+02
2.61061e+04 1.04822e+02
2.61306e+04 1.04756e+02
2.61551e+04 1.04867e+02
2.61796e+04 1.05578e+02
2.62041e+04 1.06578e+02
2.62286e+04 1.07578e+02
2.62531e+04 1.09444e+02
2.62776e+04 1.11289e+02
2.63022e+04 1.13200e+02
2.63267e+04 1.15022e+02
2.63513e+04 1.16956e+02
2.63759e+04 1.18800e+02
2.64004e+04 1.20089e+02
2.64250e+04 1.20644e+02
2.64496e+04 1.20622e+02
2.64742e+04 1.20200e+02
2.64989e+04 1.19378e+02
2.65235e+04 1.19089e+02
2.65481e+04 1.18844e+02
2.65728e+04 1.18400e+02
2.65974e+04 1.18111e+02
2.66221e+04 1.18378e+02
2.66468e+04 1.19333e+02
2.66715e+04 1.21044e+02
2.66962e+04 1.23333e+02
2.67209e+04 1.25911e+02
2.67456e+04 1.28111e+02
2.67704e+04 1.30578e+02
2.67951e+04 1.33067e+02
2.68199e+04 1.35156e+02
2.68446e+04 1.37578e+02
2.68694e+04 1.39378e+02
2.68942e+04 1.40267e+02
2.69190e+04 1.40578e+02
2.69438e+04 1.41422e+02
2.69686e+04 1.41889e+02
2.69934e+04 1.43000e+02
2.70182e+04 1.44089e+02
2.70431e+04 1.45689e+02
2.70679e+04 1.46889e+02
2.70928e+04 1.48089e+02
2.71177e+04 1.49333e+02
2.71426e+04 1.51178e+02
2.71675e+04 1.52822e+02
2.71924e+04 1.54556e+02
2.72173e+04 1.55578e+02
2.72422e+04 1.56533e+02
2.72672e+04 1.57978e+02
2.72921e+04 1.59178e+02
2.73171e+04 1.60311e+02
2.73420e+04 1.61444e+02
2.73670e+04 1.61956e+02
2.73920e+04 1.61800e+02
2.74170e+04 1.62000e+02
2.74420e+04 1.62267e+02
2.74670e+04 1.63111e+02
2.74920e+04 1.63400e+02
2.75171e+04 1.63844e+02
2.75421e+04 1.64467e+02
2.75672e+04 1.65333e+02
2.75923e+04 1.66044e+02
2.76173e+04 1.67400e+02
2.76424e+04 1.68756e+02
2.76675e+04 1.69444e+02
2.76926e+04 1.69356e+02
2.77177e+04 1.69356e+02
2.77429e+04 1.69222e+02
2.77680e+04 1.68489e+02
2.77932e+04 1.67644e+02
2.78183e+04 1.67867e+02
2.78435e+04 1.68089e+02
2.78687e+04 1.68378e+02
2.78939e+04 1.69822e+02
2.79191e+04 1.73267e+02
2.79443e+04 1.76711e+02
2.79695e+04 1.80378e+02
2.79947e+04 1.84978e+02
2.80200e+04 1.89778e+02
2.80452e+04 1.93511e+02
2.80705e+04 1.97111e+02
2.80958e+04 2.00800e+02
2.81210e+04 2.03533e+02
2.81463e+04 2.04267e+02
2.81716e+04 2.05489e+02
2.81970e+04 2.06600e+02
2.82223e+04 2.08267e+02
2.82476e+04 2.10711e+02
2.82730e+04 2.13578e+02
2.82983e+04 2.15289e+02
2.83237e+04 2.18822e+02
2.83490e+04 2.21578e+02
2.83744e+04 2.24289e+02
2.83998e+04 2.27022e+02
2.84252e+04 2.30378e+02
2.84506e+04 2.31111e+02
2.84761e+04 2.31511e+02
2.85015e+04 2.32267e+02
2.85270e+04 2.34044e+02
2.85524e+04 2.34778e+02
2.85779e+04 2.36889e+02
2.86033e+04 2.39156e+02
2.86288e+04 2.41200e+02
2.86543e+04 2.43489e+02
2.86798e+04 2.46800e+02
2.87054e+04 2.49911e+02
2.87309e+04 2.53844e+02
2.87564e+04 2.58178e+02
2.87820e+04 2.60800e+02
2.88075e+04 2.64156e+02
2.88331e+04 2.68511e+02
2.88587e+04 2.73267e+02
2.88843e+04 2.77711e+02
2.89099e+04 2.83933e+02
2.89355e+04 2.89844e+02
2.89611e+04 2.95511e+02
2.89867e+04 3.01378e+02
2.90123e+04 3.08711e+02
2.90380e+04 3.16044e+02
2.90637e+04 3.22933e+02
2.90893e+04 3.29378e+02
2.91150e+04 3.34756e+02
2.91407e+04 3.40022e+02
2.91664e+04 3.45578e+02
2.91921e+04 3.51156e+02
2.92178e+04 3.57378e+02
2.92435e+04 3.63933e+02
2.92693e+04 3.68200e+02
2.92950e+04 3.72067e+02
2.93208e+04 3.75778e+02
2.93466e+04 3.78044e+02
2.93724e+04 3.79422e+02
2.93981e+04 3.81000e+02
2.94239e+04 3.82511e+02
2.94498e+04 3.83489e+02
2.94756e+04 3.84444e+02
2.95014e+04 3.87156e+02
2.95273e+04 3.90711e+02
2.95531e+04 3.93533e+02
2.95790e+04 3.97689e+02
2.96048e+04 4.01467e+02
2.96307e+04 4.03644e+02
2.96566e+04 4.05000e+02
2.96825e+04 4.06000e+02
2.97084e+04 4.05778e+02
2.97344e+04 4.06022e+02
2.97603e+04 4.06311e+02
2.97862e+04 4.07867e+02
2.98122e+04 4.10244e+02
2.98382e+04 4.13400e+02
2.98641e+04 4.17267e+02
2.98901e+04 4.22778e+02
2.99161e+04 4.27489e+02
2.99421e+04 4.32778e+02
2.99681e+04 4.37911e+02
2.99942e+04 4.42844e+02
3.00202e+04 4.46422e+02
3.00462e+04 4.50244e+02
3.00723e+04 4.53311e+02
3.00984e+04 4.57244e+02
3.01244e+04 4.59267e+02
3.01505e+04 4.62022e+02
3.01766e+04 4.63267e+02
3.02027e+04 4.64289e+02
3.02288e+04 4.64844e+02
3.02550e+04 4.66267e+02
3.02811e+04 4.67133e+02
3.03073e+04 4.69289e+02
3.03334e+04 4.71778e+02
3.03596e+04 4.73489e+02
3.03858e+04 4.76267e+02
3.04119e+04 4.80578e+02
3.04381e+04 4.84067e+02
3.04644e+04 4.87844e+02
3.04906e+04 4.92644e+02
3.05168e+04 4.98333e+02
3.05430e+04 5.03689e+02
3.05693e+04 5.10222e+02
3.05955e+04 5.18156e+02
3.06218e+04 5.25067e+02
3.06481e+04 5.30622e+02
3.06744e+04 5.36111e+02
3.07007e+04 5.41756e+02
3.07270e+04 5.45600e+02
3.07533e+04 5.49244e+02
3.07796e+04 5.52222e+02
3.08060e+04 5.54978e+02
3.08323e+04 5.56067e+02
3.08587e+04 5.56600e+02
3.08851e+04 5.57578e+02
3.09115e+04 5.58867e+02
3.09378e+04 5.58244e+02
3.09642e+04 5.59200e+02
3.09907e+04 5.60089e+02
3.10171e+04 5.60711e+02
3.10435e+04 5.60156e+02
3.10700e+04 5.59533e+02
3.10964e+04 5.57400e+02
3.11229e+04 5.53844e+02
3.11493e+04 5.49867e+02
3.11758e+04 5.46756e+02
3.12023e+04 5.43022e+02
3.12288e+04 5.38178e+02
3.12553e+04 5.34422e+02
3.12819e+04 5.29022e+02
3.13084e+04 5.23644e+02
3.13349e+04 5.18778e+02
3.13615e+04 5.15222e+02
3.13881e+04 5.10644e+02
3.14146e+04 5.06533e+02
3.14412e+04 5.01222e+02
3.14678e+04 4.96022e+02
3.14944e+04 4.89711e+02
3.15210e+04 4.84644e+02
3.15477e+04 4.80000e+02
3.15743e+04 4.75356e+02
3.16009e+04 4.70578e+02
3.16276e+04 4.66133e+02
3.16543e+04 4.61133e+02
3.16809e+04 4.56378e+02
3.17076e+04 4.51422e+02
3.17343e+04 4.46289e+02
3.17610e+04 4.41289e+02
3.17878e+04 4.35533e+02
3.18145e+04 4.30622e+02
3.18412e+04 4.26133e+02
3.18680e+04 4.21511e+02
3.18947e+04 4.17444e+02
3.19215e+04 4.15044e+02
3.19483e+04 4.12200e+02
3.19751e+04 4.10044e+02
3.20019e+04 4.08911e+02
3.20287e+04 4.08711e+02
3.20555e+04 4.07400e+02
3.20823e+04 4.05844e+02
3.21092e+04 4.05689e+02
3.21360e+04 4.03978e+02
3.21629e+04 3.99600e+02
3.21897e+04 3.97089e+02
3.22166e+04 3.95111e+02
3.22435e+04 3.91222e+02
3.22704e+04 3.88578e+02
3.22973e+04 3.88667e+02
3.23242e+04 3.88200e+02
3.23512e+04 3.87422e+02
3.23781e+04 3.87911e+02
3.24051e+04 3.89889e+02
3.24320e+04 3.90111e+02
3.24590e+04 3.88578e+02
3.24860e+04 3.86778e+02
3.25130e+04 3.84689e+02
3.25400e+04 3.79956e+02
3.25670e+04 3.76867e+02
3.25940e+04 3.74067e+02
3.26210e+04 3.71778e+02
3.26481e+04 3.68244e+02
3.26751e+04 3.65244e+02
3.27022e+04 3.62844e+02
3.27293e+04 3.61378e+02
3.27564e+04 3.59156e+02
3.27835e+04 3.58044e+02
3.28106e+04 3.56378e+02
3.28377e+04 3.53222e+02
3.28648e+04 3.49044e+02
3.28919e+04 3.45356e+02
3.29191e+04 3.42511e+02
3.29462e+04 3.41378e+02
3.29734e+04 3.40778e+02
3.30006e+04 3.41556e+02
3.30278e+04 3.43711e+02
3.30550e+04 3.45467e+02
3.30822e+04 3.47667e+02
3.31094e+04 3.50756e+02
3.31366e+04 3.54333e+02
3.31638e+04 3.56356e+02
3.31911e+04 3.56333e+02
3.32183e+04 3.55533e+02
3.32456e+04 3.53378e+02
3.32729e+04 3.49511e+02
3.33002e+04 3.45422e+02
3.33275e+04 3.42378e+02
3.33548e+04 3.37689e+02
3.33821e+04 3.32622e+02
3.34094e+04 3.27311e+02
3.34368e+04 3.21378e+02
3.34641e+04 3.15178e+02
3.34915e+04 3.10467e+02
3.35188e+04 3.05133e+02
3.35462e+04 3.00778e+02
3.35736e+04 2.97067e+02
3.36010e+04 2.94022e+02
3.36284e+04 2.89511e+02
3.36558e+04 2.85756e+02
3.36833e+04 2.82289e+02
3.37107e+04 2.77200e+02
3.37382e+04 2.70844e+02
3.37656e+04 2.66311e+02
3.37931e+04 2.61711e+02
3.38206e+04 2.55844e+02
3.38481e+04 2.51244e+02
3.38756e+04 2.47600e+02
3.39031e+04 2.42867e+02
3.39306e+04 2.38378e+02
3.39581e+04 2.35889e+02
3.39857e+04 2.33644e+02
3.40132e+04 2.30111e+02
3.40408e+04 2.26244e+02
3.40684e+04 2.21400e+02
3.40959e+04 2.15444e+02
3.41235e+04 2.10267e+02
3.41511e+04 2.07311e+02
3.41787e+04 2.04578e+02
3.42064e+04 2.03289e+02
3.42340e+04 2.01111e+02
3.42616e+04 1.98578e+02
3.42893e+04 1.95778e+02
3.43170e+04 1.94044e+02
3.43446e+04 1.91933e+02
3.43723e+04 1.89711e+02
3.44000e+04 1.86889e+02
3.44277e+04 1.84000e+02
3.44554e+04 1.79800e+02
3.44832e+04 1.76133e+02
3.45109e+04 1.73711e+02
3.45386e+04 1.72156e+02
3.45664e+04 1.70156e+02
3.45942e+04 1.68778e+02
3.46219e+04 1.67622e+02
3.46497e+04 1.66356e+02
3.46775e+04 1.64378e+02
3.47053e+04 1.62844e+02
3.47331e+04 1.61711e+02
3.47610e+04 1.59933e+02
3.47888e+04 1.57533e+02
3.48167e+04 1.55667e+02
3.48445e+04 1.53356e+02
3.48724e+04 1.50622e+02
3.49003e+04 1.47822e+02
3.49281e+04 1.46000e+02
3.49560e+04 1.43467e+02
3.49840e+04 1.40200e+02
3.50119e+04 1.37044e+02
3.50398e+04 1.32867e+02
3.50677e+04 1.27911e+02
3.50957e+04 1.23778e+02
3.51236e+04 1.19867e+02
3.51516e+04 1.15800e+02
3.51796e+04 1.12222e+02
3.52076e+04 1.09133e+02
3.52356e+04 1.06689e+02
3.52636e+04 1.04889e+02
3.52916e+04 1.03667e+02
3.53196e+04 1.02978e+02
3.53477e+04 1.01467e+02
3.53757e+04 1.00044e+02
3.54038e+04 9.86000e+01
3.54319e+04 9.74889e+01
3.54600e+04 9.61333e+01
3.54880e+04 9.52000e+01
3.55161e+04 9.36667e+01
3.55443e+04 9.26444e+01
3.55724e+04 9.14000e+01
3.56005e+04 9.13111e+01
3.56287e+04 9.12444e+01
3.56568e+04 9.13111e+01
3.56850e+04 9.06889e+01
3.57131e+04 8.98889e+01
3.57413e+04 8.84889e+01
3.57695e+04 8.72222e+01
3.57977e+04 8.52667e+01
3.58259e+04 8.37111e+01
3.58542e+04 8.16889e+01
3.58824e+04 7.94222e+01
3.59106e+04 7.73333e+01
3.59389e+04 7.53556e+01
3.59672e+04 7.35778e+01
3.59954e+04 7.18889e+01
3.60237e+04 7.05556e+01
3.60520e+04 6.95556e+01
3.60803e+04 6.90222e+01
3.61086e+04 6.80000e+01
3.61370e+04 6.74667e+01
3.61653e+04 6.63111e+01
3.61936e+04 6.50889e+01
3.62220e+04 6.34000e+01
3.62504e+04 6.18222e+01
3.62787e+04 6.04000e+01
3.63071e+04 5.92667e+01
3.63355e+04 5.77111e+01
3.63639e+04 5.66444e+01
3.63923e+04 5.55333e+01
3.64208e+04 5.46222e+01
3.64492e+04 5.37333e+01
3.64777e+04 5.31778e+01
3.65061e+04 5.26222e+01
3.65346e+04 5.21556e+01
3.65631e+04 5.15333e+01
3.65915e+04 5.11111e+01
3.66200e+04 5.12000e+01
3.66486e+04 5.18222e+01
3.66771e+04 5.21778e+01
3.67056e+04 5.24444e+01
3.67341e+04 5.25111e+01
3.67627e+04 5.25111e+01
3.67912e+04 5.15778e+01
3.68198e+04 5.10000e+01
3.68484e+04 5.02889e+01
3.68770e+04 4.92667e+01
3.69056e+04 4.73778e+01
3.69342e+04 4.58889e+01
3.69628e+04 4.43556e+01
3.69915e+04 4.30222e+01
3.70201e+04 4.20444e+01
3.70487e+04 4.14222e+01
3.70774e+04 4.09556e+01
3.71061e+04 4.04444e+01
3.71348e+04 3.95556e+01
3.71634e+04 3.89111e+01
3.71922e+04 3.86444e+01
3.72209e+04 3.81778e+01
3.72496e+04 3.79778e+01
3.72783e+04 3.78889e+01
3.73071e+04 3.76000e+01
3.73358e+04 3.66889e+01
3.73646e+04 3.57333e+01
3.73934e+04 3.51778e+01
3.74221e+04 3.44667e+01
3.74509e+04 3.41556e+01
3.74797e+04 3.42000e+01
3.75085e+04 3.44444e+01
3.75374e+04 3.39333e+01
3.75662e+04 3.38444e+01
3.75950e+04 3.33333e+01
3.76239e+04 3.28000e+01
3.76528e+04 3.20222e+01
3.76816e+04 3.15333e+01
3.77105e+04 3.02889e+01
3.77394e+04 2.91111e+01
3.77683e+04 2.80000e+01
3.77972e+04 2.71111e+01
3.78262e+04 2.62667e+01
3.78551e+04 2.60444e+01
3.78841e+04 2.61111e+01
3.79130e+04 2.61778e+01
3.79420e+04 2.62000e+01
3.79710e+04 2.61778e+01
3.79999e+04 2.63778e+01
3.80289e+04 2.62000e+01
3.80579e+04 2.57778e+01
3.80870e+04 2.50889e+01
3.81160e+04 2.45333e+01
3.81450e+04 2.34889e+01
3.81741e+04 2.23778e+01
3.82031e+04 2.15111e+01
3.82322e+04 2.07556e+01
3.82613e+04 1.95778e+01
3.82904e+04 1.84889e+01
3.83195e+04 1.77111e+01
3.83486e+04 1.69778e+01
3.83777e+04 1.63333e+01
3.84068e+04 1.63556e+01
3.84360e+04 1.67333e+01
3.84651e+04 1.70889e+01
3.84943e+04 1.75333e+01
3.85234e+04 1.81111e+01
3.85526e+04 1.85556e+01
3.85818e+04 1.91778e+01
3.86110e+04 1.96444e+01
3.86402e+04 1.97778e+01
3.86695e+04 1.96667e+01
3.86987e+04 1.92222e+01
3.87279e+04 1.82444e+01
3.87572e+04 1.74222e+01
3.87864e+04 1.68889e+01
3.88157e+04 1.65333e+01
3.88450e+04 1.59111e+01
3.88743e+04 1.54667e+01
3.89036e+04 1.52222e+01
3.89329e+04 1.47556e+01
3.89622e+04 1.45111e+01
3.89916e+04 1.46000e+01
3.90209e+04 1.46889e+01
3.90503e+04 1.46000e+01
3.90796e+04 1.46222e+01
3.91090e+04 1.45333e+01
3.91384e+04 1.46444e+01
3.91678e+04 1.47778e+01
3.91972e+04 1.50000e+01
3.92266e+04 1.48667e+01
3.92560e+04 1.47778e+01
3.92854e+04 1.44000e+01
3.93149e+04 1.38000e+01
3.93443e+04 1.31111e+01
3.93738e+04 1.28667e+01
3.94033e+04 1.26222e+01
3.94328e+04 1.23556e+01
3.94623e+04 1.22444e+01
3.94918e+04 1.23111e+01
3.95213e+04 1.22222e+01
3.95508e+04 1.20444e+01
3.95804e+04 1.19556e+01
3.96099e+04 1.17778e+01
3.96395e+04 1.14222e+01
3.96690e+04 1.08222e+01
3.96986e+04 1.01333e+01
3.97282e+04 9.57778e+00
3.97578e+04 9.26667e+00
3.97874e+04 9.13333e+00
3.98170e+04 9.40000e+00
3.98466e+04 9.77778e+00
3.98763e+04 1.02000e+01
3.99059e+04 1.03556e+01
3.99356e+04 1.03630e+01
3.99653e+04 1.02074e+01
3.99949e+04 1.03238e+01
4.00246e+04 9.73333e+00
4.00543e+04 7.95556e+00
4.00840e+04 6.00000e+00
