1.00018e+02 0.00000e+00
1.91215e+02 1.34692e+01
2.70293e+02 1.55355e+01
3.42609e+02 1.69872e+01
4.13597e+02 1.73011e+01
4.82610e+02 1.78026e+01
5.51264e+02 1.78944e+01
6.19703e+02 1.79508e+01
6.87594e+02 1.80941e+01
7.54929e+02 1.82438e+01
8.25040e+02 1.75211e+01
8.95183e+02 1.75147e+01
9.66020e+02 1.73381e+01
1.03694e+03 1.73239e+01
1.11038e+03 1.67271e+01
1.18422e+03 1.66353e+01
1.25752e+03 1.67590e+01
1.33454e+03 1.59507e+01
1.41055e+03 1.61627e+01
1.48778e+03 1.59064e+01
1.56982e+03 1.49749e+01
1.65108e+03 1.51159e+01
1.73643e+03 1.43917e+01
1.82367e+03 1.40811e+01
1.91361e+03 1.36565e+01
2.00530e+03 1.34006e+01
2.09660e+03 1.34549e+01
2.19407e+03 1.26032e+01
2.29179e+03 1.25701e+01
2.39229e+03 1.22206e+01
2.49749e+03 1.16796e+01
2.60701e+03 1.12192e+01
2.71935e+03 1.09353e+01
2.83492e+03 1.06287e+01
2.95375e+03 1.03370e+01
3.07828e+03 9.86598e+00
3.20558e+03 9.64720e+00
3.33907e+03 9.20311e+00
3.47723e+03 8.89348e+00
3.61994e+03 8.60831e+00
3.77255e+03 8.04898e+00
3.92768e+03 7.91819e+00
4.09057e+03 7.54234e+00
4.26678e+03 6.97166e+00
4.44436e+03 6.91770e+00
4.63767e+03 6.35470e+00
4.83536e+03 6.21349e+00
5.04581e+03 5.83760e+00
5.26640e+03 5.56768e+00
5.50573e+03 5.13281e+00
5.76619e+03 4.71708e+00
6.05133e+03 4.30877e+00
6.34622e+03 4.16517e+00
6.67473e+03 3.74018e+00
7.04526e+03 3.31514e+00
7.45511e+03 2.99728e+00
7.91743e+03 2.65711e+00
8.44938e+03 2.30931e+00
9.07495e+03 1.96385e+00
9.84106e+03 1.60346e+00
1.08276e+04 1.24502e+00
1.21810e+04 9.07845e-01
1.43616e+04 5.63273e-01
1.72088e+04 2.63044e-01
2.06205e+04 1.00708e-01
2.47086e+04 2.83274e-02
2.96072e+04 4.13843e-03
