2.18769e+01 0.00000e+00
3.35171e+02 4.35789e+00
4.73313e+02 9.88330e+00
5.94875e+02 1.12249e+01
6.94599e+02 1.36986e+01
7.94353e+02 1.36866e+01
8.88773e+02 1.44598e+01
9.75702e+02 1.56881e+01
1.06962e+03 1.45540e+01
1.15722e+03 1.55848e+01
1.24397e+03 1.57383e+01
1.32858e+03 1.61367e+01
1.41342e+03 1.60654e+01
1.49872e+03 1.60231e+01
1.58417e+03 1.59515e+01
1.67249e+03 1.54673e+01
1.75943e+03 1.57128e+01
1.84046e+03 1.68397e+01
1.92442e+03 1.62793e+01
2.00789e+03 1.63387e+01
2.09823e+03 1.51215e+01
2.18711e+03 1.53611e+01
2.27690e+03 1.51968e+01
2.37838e+03 1.34615e+01
2.47697e+03 1.38482e+01
2.57499e+03 1.39288e+01
2.67787e+03 1.32785e+01
2.76734e+03 1.52598e+01
2.86444e+03 1.40286e+01
2.96986e+03 1.29809e+01
3.07436e+03 1.30572e+01
3.18192e+03 1.27001e+01
3.29221e+03 1.23655e+01
3.40202e+03 1.24403e+01
3.51434e+03 1.21554e+01
3.63776e+03 1.10618e+01
3.75581e+03 1.15660e+01
3.88363e+03 1.06809e+01
4.01218e+03 1.06151e+01
4.13575e+03 1.10551e+01
4.27415e+03 9.85922e+00
4.41506e+03 9.68365e+00
4.55501e+03 9.76636e+00
4.70796e+03 8.91658e+00
4.86392e+03 8.76388e+00
5.03381e+03 8.03640e+00
5.19999e+03 8.20195e+00
5.37876e+03 7.64997e+00
5.55932e+03 7.55309e+00
5.73938e+03 7.58677e+00
5.92953e+03 7.18011e+00
6.13642e+03 6.59541e+00
6.34930e+03 6.42061e+00
6.60624e+03 5.31368e+00
6.84961e+03 5.60371e+00
7.11933e+03 5.06772e+00
7.41046e+03 4.68694e+00
7.70356e+03 4.65284e+00
8.01974e+03 4.32305e+00
8.40137e+03 3.56940e+00
8.79443e+03 3.47745e+00
9.23809e+03 3.07910e+00
9.74860e+03 2.67589e+00
1.03701e+04 2.19554e+00
1.11560e+04 1.73724e+00
1.20589e+04 1.51300e+00
1.33565e+04 1.05157e+00
1.53460e+04 6.86657e-01
1.97505e+04 2.56669e-01
2.54193e+04 4.14167e-02
