4.11046e+02 2.16586e+00
4.33195e+02 2.20503e+00
4.55652e+02 2.10737e+00
4.79039e+02 2.02749e+00
5.01442e+02 2.31630e+00
5.23220e+02 2.13389e+00
5.45578e+02 2.19374e+00
5.68231e+02 2.07609e+00
5.90566e+02 2.27210e+00
6.12953e+02 2.05139e+00
6.36904e+02 1.98178e+00
6.61057e+02 2.03154e+00
6.85289e+02 1.96840e+00
7.10460e+02 1.87771e+00
7.34991e+02 2.07797e+00
7.58656e+02 2.01084e+00
7.83954e+02 1.82279e+00
8.10489e+02 1.82393e+00
8.36691e+02 1.86780e+00
8.62089e+02 1.94193e+00
8.87318e+02 1.89451e+00
9.13309e+02 1.82858e+00
9.40817e+02 1.69000e+00
9.69671e+02 1.66443e+00
9.99972e+02 1.53017e+00
1.02939e+03 1.78086e+00
1.05794e+03 1.61724e+00
1.08841e+03 1.55698e+00
1.11928e+03 1.57968e+00
1.14828e+03 1.77079e+00
1.17569e+03 1.75872e+00
1.20583e+03 1.46971e+00
1.23657e+03 1.69210e+00
1.26416e+03 1.82041e+00
1.29267e+03 1.59081e+00
1.32460e+03 1.44392e+00
1.35775e+03 1.47430e+00
1.39060e+03 1.47246e+00
1.42483e+03 1.35910e+00
1.46032e+03 1.36653e+00
1.49549e+03 1.38644e+00
1.53092e+03 1.34325e+00
1.56826e+03 1.24989e+00
1.60435e+03 1.44880e+00
1.63987e+03 1.27617e+00
1.67849e+03 1.22965e+00
1.71853e+03 1.19261e+00
1.75873e+03 1.21472e+00
1.80294e+03 9.94106e-01
1.84783e+03 1.17930e+00
1.88963e+03 1.13583e+00
1.93142e+03 1.18074e+00
1.97274e+03 1.15945e+00
2.01532e+03 1.11157e+00
2.05725e+03 1.20150e+00
2.09887e+03 1.12273e+00
2.14353e+03 1.04493e+00
2.18847e+03 1.11422e+00
2.23395e+03 1.01728e+00
2.28107e+03 1.03089e+00
2.32853e+03 1.00754e+00
2.37764e+03 9.68414e-01
2.42807e+03 9.49714e-01
2.47860e+03 9.64420e-01
2.53023e+03 9.10680e-01
2.58392e+03 8.90332e-01
2.63508e+03 1.01004e+00
2.68733e+03 8.54678e-01
2.74224e+03 9.09839e-01
2.79787e+03 8.31381e-01
2.85616e+03 8.25227e-01
2.91578e+03 7.97921e-01
2.97634e+03 8.02007e-01
3.03616e+03 8.15773e-01
3.10039e+03 6.98876e-01
3.16993e+03 6.92313e-01
3.24030e+03 6.82263e-01
3.31158e+03 6.74691e-01
3.38421e+03 6.57541e-01
3.45837e+03 6.46988e-01
3.53301e+03 6.49769e-01
3.61308e+03 5.63380e-01
3.69672e+03 5.92163e-01
3.77851e+03 5.91194e-01
3.86371e+03 5.46704e-01
3.95120e+03 5.58736e-01
4.03762e+03 5.60873e-01
4.12910e+03 5.00434e-01
4.22149e+03 5.50086e-01
4.31410e+03 4.96835e-01
4.41211e+03 4.90721e-01
4.51048e+03 4.92888e-01
4.61048e+03 4.74181e-01
4.72322e+03 3.91154e-01
4.84249e+03 4.21953e-01
4.95545e+03 4.34047e-01
5.06689e+03 4.34150e-01
5.18046e+03 4.18515e-01
5.30711e+03 3.50654e-01
5.44245e+03 3.64711e-01
5.57486e+03 3.65517e-01
5.72231e+03 2.96999e-01
5.88150e+03 3.11809e-01
6.03994e+03 2.98791e-01
6.20242e+03 2.96706e-01
6.37246e+03 2.72986e-01
6.55019e+03 2.71238e-01
6.73861e+03 2.43398e-01
6.94467e+03 2.26535e-01
7.15766e+03 2.27788e-01
7.38046e+03 2.07177e-01
7.62402e+03 1.90400e-01
7.88967e+03 1.74305e-01
8.17477e+03 1.65295e-01
8.47546e+03 1.56597e-01
8.80042e+03 1.41656e-01
9.15077e+03 1.34504e-01
9.53620e+03 1.17388e-01
9.99411e+03 9.55897e-02
1.05146e+04 9.03140e-02
1.10954e+04 7.70689e-02
1.17691e+04 6.69644e-02
1.25749e+04 5.40748e-02
1.36052e+04 4.11854e-02
1.50204e+04 2.88565e-02
1.72219e+04 1.73214e-02
2.20089e+04 5.84346e-03
3.05691e+04 5.87952e-04
