4.12650e+02 1.93361e+00
4.36519e+02 2.26894e+00
4.58489e+02 2.26946e+00
4.81633e+02 2.04495e+00
5.04663e+02 2.30086e+00
5.27763e+02 2.02526e+00
5.52046e+02 2.07158e+00
5.73957e+02 2.52096e+00
5.96805e+02 1.91401e+00
6.21677e+02 2.10654e+00
6.45662e+02 2.04716e+00
6.70555e+02 1.95181e+00
6.96342e+02 1.91030e+00
7.21910e+02 1.99111e+00
7.47354e+02 1.92192e+00
7.73771e+02 1.84721e+00
8.01001e+02 1.80521e+00
8.28394e+02 1.83238e+00
8.56456e+02 1.72425e+00
8.85079e+02 1.75489e+00
9.14301e+02 1.65140e+00
9.42373e+02 1.91895e+00
9.69562e+02 1.75178e+00
9.98487e+02 1.69273e+00
1.02870e+03 1.60450e+00
1.05854e+03 1.73831e+00
1.08735e+03 1.71636e+00
1.11718e+03 1.62536e+00
1.14757e+03 1.65341e+00
1.17848e+03 1.56767e+00
1.21037e+03 1.55511e+00
1.24305e+03 1.49444e+00
1.27771e+03 1.37867e+00
1.31292e+03 1.45298e+00
1.34561e+03 1.60554e+00
1.37791e+03 1.48013e+00
1.41059e+03 1.56479e+00
1.44402e+03 1.41470e+00
1.48029e+03 1.33912e+00
1.51635e+03 1.43289e+00
1.55197e+03 1.35518e+00
1.58789e+03 1.41902e+00
1.62351e+03 1.38611e+00
1.66055e+03 1.30187e+00
1.69671e+03 1.46206e+00
1.73240e+03 1.33198e+00
1.77083e+03 1.25467e+00
1.80947e+03 1.32731e+00
1.84719e+03 1.31781e+00
1.88708e+03 1.18330e+00
1.92816e+03 1.24115e+00
1.96926e+03 1.18266e+00
2.01010e+03 1.26077e+00
2.05164e+03 1.14201e+00
2.09592e+03 1.10838e+00
2.14155e+03 1.07486e+00
2.18817e+03 1.05848e+00
2.23463e+03 1.08193e+00
2.28268e+03 9.94884e-01
2.33281e+03 9.94303e-01
2.38546e+03 8.98931e-01
2.43796e+03 1.00341e+00
2.49036e+03 9.02677e-01
2.54090e+03 1.08372e+00
2.58970e+03 9.64339e-01
2.64200e+03 9.43936e-01
2.69555e+03 9.13805e-01
2.75058e+03 8.96165e-01
2.80782e+03 8.46351e-01
2.86392e+03 9.32013e-01
2.92151e+03 8.04870e-01
2.98406e+03 7.88291e-01
3.04887e+03 7.48478e-01
3.11380e+03 7.86102e-01
3.17945e+03 7.31624e-01
3.24640e+03 7.57161e-01
3.31426e+03 7.11261e-01
3.38548e+03 6.86871e-01
3.45907e+03 6.66369e-01
3.53251e+03 6.90919e-01
3.60700e+03 6.47894e-01
3.68494e+03 6.29492e-01
3.76249e+03 6.54920e-01
3.84036e+03 6.24056e-01
3.92378e+03 5.71481e-01
4.01215e+03 5.55916e-01
4.09836e+03 5.99545e-01
4.18096e+03 6.06137e-01
4.26766e+03 5.46403e-01
4.35823e+03 5.52618e-01
4.45458e+03 4.85046e-01
4.56081e+03 4.53470e-01
4.66873e+03 4.69147e-01
4.77509e+03 4.67484e-01
4.88577e+03 4.33812e-01
5.00214e+03 4.21736e-01
5.12088e+03 4.16665e-01
5.24485e+03 3.87399e-01
5.37737e+03 3.64484e-01
5.51279e+03 3.70864e-01
5.65292e+03 3.40502e-01
5.79617e+03 3.55249e-01
5.94212e+03 3.27836e-01
6.10309e+03 2.92647e-01
6.27694e+03 2.80494e-01
6.45890e+03 2.66788e-01
6.65287e+03 2.47137e-01
6.85061e+03 2.56870e-01
7.05768e+03 2.25208e-01
7.28155e+03 2.19664e-01
7.52129e+03 1.96646e-01
7.77496e+03 1.95951e-01
8.02962e+03 1.95404e-01
8.30378e+03 1.69313e-01
8.61492e+03 1.51365e-01
8.94970e+03 1.46139e-01
9.30929e+03 1.31341e-01
9.69959e+03 1.23924e-01
1.01411e+04 1.03188e-01
1.06471e+04 9.38817e-02
1.12080e+04 8.39525e-02
1.18796e+04 6.59846e-02
1.27032e+04 5.55016e-02
1.37423e+04 4.18139e-02
1.51199e+04 3.15327e-02
1.72021e+04 1.88208e-02
2.17253e+04 6.26889e-03
2.97175e+04 7.43866e-04
