4.11278e+02 2.18719e+00
4.35631e+02 1.93214e+00
4.59917e+02 2.22199e+00
4.83368e+02 2.05338e+00
5.07274e+02 2.13490e+00
5.30523e+02 2.17269e+00
5.54920e+02 1.94589e+00
5.80202e+02 2.02042e+00
6.04616e+02 2.08167e+00
6.28665e+02 2.08008e+00
6.52425e+02 2.13996e+00
6.76501e+02 2.02399e+00
7.01119e+02 2.03510e+00
7.26500e+02 1.91292e+00
7.52491e+02 1.94824e+00
7.77438e+02 2.07189e+00
8.02005e+02 2.00486e+00
8.27833e+02 1.87523e+00
8.55835e+02 1.70873e+00
8.84506e+02 1.78628e+00
9.11184e+02 1.97230e+00
9.36853e+02 1.92916e+00
9.64255e+02 1.73870e+00
9.93090e+02 1.73450e+00
1.02188e+03 1.74412e+00
1.05070e+03 1.73113e+00
1.07995e+03 1.69299e+00
1.10958e+03 1.68692e+00
1.14017e+03 1.58848e+00
1.17122e+03 1.63703e+00
1.20128e+03 1.69382e+00
1.23373e+03 1.41127e+00
1.26833e+03 1.48499e+00
1.30088e+03 1.59922e+00
1.33269e+03 1.55148e+00
1.36593e+03 1.46021e+00
1.40030e+03 1.45324e+00
1.43374e+03 1.55025e+00
1.46791e+03 1.38723e+00
1.50520e+03 1.29957e+00
1.54331e+03 1.32837e+00
1.58195e+03 1.26388e+00
1.62030e+03 1.34922e+00
1.65835e+03 1.28517e+00
1.69792e+03 1.24575e+00
1.73720e+03 1.30520e+00
1.77544e+03 1.31208e+00
1.81613e+03 1.15553e+00
1.85867e+03 1.20231e+00
1.89936e+03 1.25970e+00
1.93940e+03 1.24135e+00
1.98059e+03 1.19345e+00
2.02173e+03 1.24237e+00
2.06268e+03 1.20315e+00
2.10537e+03 1.14301e+00
2.15001e+03 1.10085e+00
2.19727e+03 1.01947e+00
2.24529e+03 1.06673e+00
2.29596e+03 9.15323e-01
2.34744e+03 1.03695e+00
2.39715e+03 9.83134e-01
2.44728e+03 1.01688e+00
2.49725e+03 9.86623e-01
2.55028e+03 9.04574e-01
2.60545e+03 9.11605e-01
2.66345e+03 8.18886e-01
2.72366e+03 8.44583e-01
2.78296e+03 8.43489e-01
2.84023e+03 9.08859e-01
2.89559e+03 8.98982e-01
2.95221e+03 8.65542e-01
3.01372e+03 7.67675e-01
3.07702e+03 8.15585e-01
3.14054e+03 7.62824e-01
3.20449e+03 8.09415e-01
3.27000e+03 7.23714e-01
3.34017e+03 7.03627e-01
3.40962e+03 7.39507e-01
3.47807e+03 7.23583e-01
3.55135e+03 6.45657e-01
3.62616e+03 6.94822e-01
3.70334e+03 6.08343e-01
3.78533e+03 6.13207e-01
3.86839e+03 5.92264e-01
3.95287e+03 5.93151e-01
4.03782e+03 5.84805e-01
4.12759e+03 5.32777e-01
4.22526e+03 4.93194e-01
4.32353e+03 5.27380e-01
4.42299e+03 4.81685e-01
4.52559e+03 4.94655e-01
4.62850e+03 4.78207e-01
4.73386e+03 4.72008e-01
4.83912e+03 4.79496e-01
4.94864e+03 4.36805e-01
5.06215e+03 4.45963e-01
5.18090e+03 3.99172e-01
5.30627e+03 3.99586e-01
5.43190e+03 3.97578e-01
5.56156e+03 3.74917e-01
5.69748e+03 3.61696e-01
5.84002e+03 3.41259e-01
5.98992e+03 3.27194e-01
6.14952e+03 3.01004e-01
6.32442e+03 2.72628e-01
6.50404e+03 2.85621e-01
6.68804e+03 2.58842e-01
6.88217e+03 2.56656e-01
7.08440e+03 2.39258e-01
7.30208e+03 2.21412e-01
7.53096e+03 2.16291e-01
7.77871e+03 1.89179e-01
8.04879e+03 1.81679e-01
8.33810e+03 1.65115e-01
8.64684e+03 1.59291e-01
8.97629e+03 1.45111e-01
9.33811e+03 1.32067e-01
9.73466e+03 1.20452e-01
1.01876e+04 1.01777e-01
1.07106e+04 9.04226e-02
1.12938e+04 8.14468e-02
1.19528e+04 7.08980e-02
1.27603e+04 5.48082e-02
1.38032e+04 4.24122e-02
1.52308e+04 2.95130e-02
1.74566e+04 1.77319e-02
2.19083e+04 6.53723e-03
2.93617e+04 9.28909e-04
