4.09933e+02 2.46872e+00
4.30579e+02 2.33392e+00
4.52546e+02 2.18394e+00
4.74374e+02 2.36989e+00
4.96597e+02 2.10003e+00
5.19806e+02 2.17446e+00
5.42847e+02 2.12647e+00
5.66096e+02 2.13347e+00
5.88699e+02 2.25664e+00
6.11258e+02 2.13870e+00
6.34673e+02 2.09756e+00
6.59081e+02 1.96174e+00
6.84306e+02 1.96672e+00
7.09294e+02 2.00721e+00
7.34375e+02 1.94513e+00
7.60629e+02 1.82578e+00
7.87476e+02 1.86881e+00
8.15305e+02 1.70501e+00
8.43437e+02 1.82487e+00
8.72282e+02 1.61937e+00
9.02864e+02 1.62108e+00
9.33473e+02 1.61630e+00
9.62531e+02 1.80862e+00
9.90211e+02 1.77003e+00
1.01922e+03 1.64949e+00
1.04912e+03 1.66962e+00
1.07800e+03 1.76006e+00
1.10664e+03 1.70073e+00
1.13776e+03 1.50058e+00
1.16780e+03 1.83773e+00
1.19603e+03 1.67773e+00
1.22665e+03 1.55769e+00
1.25948e+03 1.46159e+00
1.29207e+03 1.58976e+00
1.32442e+03 1.47971e+00
1.35687e+03 1.57933e+00
1.38857e+03 1.54699e+00
1.42149e+03 1.46343e+00
1.45729e+03 1.31220e+00
1.49382e+03 1.40688e+00
1.52897e+03 1.41306e+00
1.56430e+03 1.39213e+00
1.60029e+03 1.36111e+00
1.63885e+03 1.21682e+00
1.67925e+03 1.23717e+00
1.71855e+03 1.28453e+00
1.75635e+03 1.33868e+00
1.79424e+03 1.27922e+00
1.83493e+03 1.16202e+00
1.87686e+03 1.20293e+00
1.91782e+03 1.21730e+00
1.95972e+03 1.14963e+00
2.00344e+03 1.11673e+00
2.04815e+03 1.09883e+00
2.09526e+03 1.00899e+00
2.14422e+03 1.01703e+00
2.19295e+03 1.01655e+00
2.24168e+03 1.01658e+00
2.29094e+03 9.95798e-01
2.34065e+03 9.96729e-01
2.39132e+03 9.59222e-01
2.44456e+03 9.04678e-01
2.49928e+03 9.07542e-01
2.55327e+03 9.29032e-01
2.60754e+03 8.97465e-01
2.66366e+03 8.67762e-01
2.71851e+03 9.43346e-01
2.77129e+03 9.35916e-01
2.82404e+03 9.41268e-01
2.88059e+03 8.17941e-01
2.94126e+03 8.15061e-01
3.00226e+03 8.10522e-01
3.06287e+03 8.26906e-01
3.12610e+03 7.43609e-01
3.19173e+03 7.66392e-01
3.25663e+03 7.60209e-01
3.32312e+03 7.30837e-01
3.39473e+03 6.57019e-01
3.46711e+03 7.16608e-01
3.53972e+03 6.51405e-01
3.61624e+03 6.43849e-01
3.69223e+03 6.61051e-01
3.76742e+03 6.56762e-01
3.84703e+03 5.89465e-01
3.93249e+03 5.70479e-01
4.02168e+03 5.42427e-01
4.10861e+03 6.01037e-01
4.19926e+03 5.00283e-01
4.29883e+03 4.95524e-01
4.39619e+03 5.23999e-01
4.49482e+03 4.81594e-01
4.59353e+03 5.24831e-01
4.68963e+03 5.07137e-01
4.79205e+03 4.62235e-01
4.90588e+03 4.11281e-01
5.02527e+03 4.18216e-01
5.14678e+03 3.97036e-01
5.27589e+03 3.71277e-01
5.40712e+03 3.84994e-01
5.53784e+03 3.73541e-01
5.67232e+03 3.63566e-01
5.81495e+03 3.32386e-01
5.97119e+03 3.03043e-01
6.13371e+03 3.07179e-01
6.29877e+03 2.93284e-01
6.47172e+03 2.80003e-01
6.65701e+03 2.55884e-01
6.85004e+03 2.57152e-01
7.05471e+03 2.28187e-01
7.27404e+03 2.24048e-01
7.50454e+03 2.06593e-01
7.74516e+03 2.05362e-01
7.99654e+03 1.89363e-01
8.27334e+03 1.69528e-01
8.57998e+03 1.54201e-01
8.91548e+03 1.41586e-01
9.27832e+03 1.31788e-01
9.67005e+03 1.21492e-01
1.01159e+04 1.02107e-01
1.06174e+04 9.55906e-02
1.11904e+04 7.86029e-02
1.18753e+04 6.67968e-02
1.26857e+04 5.61473e-02
1.37012e+04 4.28163e-02
1.51365e+04 2.85050e-02
1.73211e+04 1.84599e-02
2.19669e+04 6.14707e-03
3.02629e+04 6.27517e-04
