4.08757e+02 2.62105e+00
4.26683e+02 2.55268e+00
4.45861e+02 2.29234e+00
4.66557e+02 2.18066e+00
4.87925e+02 2.15967e+00
5.09548e+02 2.13711e+00
5.30145e+02 2.38270e+00
5.50474e+02 2.17874e+00
5.71623e+02 2.20716e+00
5.91783e+02 2.40311e+00
6.12490e+02 2.09293e+00
6.34869e+02 2.05845e+00
6.57799e+02 1.98642e+00
6.82017e+02 1.84606e+00
7.06525e+02 1.93715e+00
7.30069e+02 2.00398e+00
7.54352e+02 1.82477e+00
7.79492e+02 1.86559e+00
8.04642e+02 1.81943e+00
8.29177e+02 1.96861e+00
8.53873e+02 1.79357e+00
8.79584e+02 1.81279e+00
9.05469e+02 1.77002e+00
9.31957e+02 1.73250e+00
9.58491e+02 1.76469e+00
9.84985e+02 1.73456e+00
1.01089e+03 1.85131e+00
1.03625e+03 1.80574e+00
1.06369e+03 1.58374e+00
1.09239e+03 1.64662e+00
1.12171e+03 1.51925e+00
1.15252e+03 1.49097e+00
1.18189e+03 1.67379e+00
1.21131e+03 1.48936e+00
1.24305e+03 1.43803e+00
1.27454e+03 1.50947e+00
1.30582e+03 1.45713e+00
1.33776e+03 1.44484e+00
1.37160e+03 1.30115e+00
1.40722e+03 1.30443e+00
1.44184e+03 1.37744e+00
1.47572e+03 1.35841e+00
1.51094e+03 1.27472e+00
1.54810e+03 1.22196e+00
1.58405e+03 1.36983e+00
1.62041e+03 1.19122e+00
1.65795e+03 1.28357e+00
1.69509e+03 1.21467e+00
1.73558e+03 1.08079e+00
1.77584e+03 1.23252e+00
1.81532e+03 1.12203e+00
1.85691e+03 1.10855e+00
1.89932e+03 1.07633e+00
1.94087e+03 1.15930e+00
1.98248e+03 1.07187e+00
2.02786e+03 9.75537e-01
2.07362e+03 1.05585e+00
2.12130e+03 8.98854e-01
2.16928e+03 1.04311e+00
2.21397e+03 1.03356e+00
2.26135e+03 9.31103e-01
2.30836e+03 1.04785e+00
2.35530e+03 9.32645e-01
2.40716e+03 8.58657e-01
2.45816e+03 9.68015e-01
2.50569e+03 9.84093e-01
2.55745e+03 8.20740e-01
2.61332e+03 8.38602e-01
2.67060e+03 7.81129e-01
2.72933e+03 7.96305e-01
2.78660e+03 8.23191e-01
2.84380e+03 8.00813e-01
2.90427e+03 7.34022e-01
2.96914e+03 6.96718e-01
3.03364e+03 7.45360e-01
3.09722e+03 7.13004e-01
3.16031e+03 7.55378e-01
3.22499e+03 6.80730e-01
3.29420e+03 6.57918e-01
3.37000e+03 5.71149e-01
3.44827e+03 6.16611e-01
3.51996e+03 6.81020e-01
3.59443e+03 5.73676e-01
3.67411e+03 5.90672e-01
3.75450e+03 5.64040e-01
3.83554e+03 5.81071e-01
3.91595e+03 5.72332e-01
4.00356e+03 4.91168e-01
4.09880e+03 4.82650e-01
4.19737e+03 4.58502e-01
4.30310e+03 4.19888e-01
4.41059e+03 4.43538e-01
4.51272e+03 4.65662e-01
4.61433e+03 4.46828e-01
4.72641e+03 3.84123e-01
4.84370e+03 4.08127e-01
4.96230e+03 3.74798e-01
5.08388e+03 3.86562e-01
5.20333e+03 3.89559e-01
5.33729e+03 3.11571e-01
5.48462e+03 3.18088e-01
5.62445e+03 3.46990e-01
5.76619e+03 3.09410e-01
5.91896e+03 2.97739e-01
6.08303e+03 2.68623e-01
6.25497e+03 2.70624e-01
6.43984e+03 2.33301e-01
6.63200e+03 2.50370e-01
6.82529e+03 2.29390e-01
7.04443e+03 1.95212e-01
7.27951e+03 1.99020e-01
7.52744e+03 1.76580e-01
7.78784e+03 1.80320e-01
8.06376e+03 1.57135e-01
8.35544e+03 1.61084e-01
8.66736e+03 1.37576e-01
9.04002e+03 1.13200e-01
9.44720e+03 1.14728e-01
9.89075e+03 9.56236e-02
1.04092e+04 8.37412e-02
1.09650e+04 8.32074e-02
1.16154e+04 6.18902e-02
1.24254e+04 5.29733e-02
1.34661e+04 3.80654e-02
1.48376e+04 3.01636e-02
1.70135e+04 1.59895e-02
2.17093e+04 5.77086e-03
2.98171e+04 6.84763e-04
