4.10166e+02 2.34407e+00
4.31437e+02 2.16501e+00
4.52880e+02 2.30732e+00
4.73718e+02 2.28894e+00
4.94918e+02 2.23773e+00
5.17146e+02 2.07547e+00
5.39824e+02 2.15220e+00
5.61290e+02 2.32461e+00
5.83977e+02 1.92926e+00
6.07822e+02 2.10121e+00
6.30941e+02 2.03842e+00
6.54767e+02 1.98393e+00
6.78019e+02 2.15368e+00
7.00100e+02 2.18596e+00
7.23657e+02 1.89317e+00
7.48072e+02 2.04263e+00
7.72500e+02 1.88686e+00
7.98317e+02 1.82166e+00
8.24400e+02 1.85466e+00
8.50107e+02 1.87644e+00
8.76312e+02 1.78182e+00
9.01818e+02 1.98739e+00
9.27293e+02 1.77571e+00
9.53472e+02 1.89236e+00
9.78896e+02 1.88213e+00
1.00566e+03 1.70470e+00
1.03488e+03 1.58025e+00
1.06555e+03 1.54273e+00
1.09574e+03 1.63303e+00
1.12488e+03 1.65618e+00
1.15433e+03 1.59653e+00
1.18457e+03 1.57371e+00
1.21661e+03 1.42064e+00
1.24963e+03 1.48237e+00
1.28318e+03 1.38079e+00
1.31802e+03 1.37011e+00
1.35311e+03 1.36121e+00
1.38908e+03 1.30191e+00
1.42502e+03 1.36481e+00
1.45966e+03 1.39961e+00
1.49395e+03 1.39500e+00
1.52929e+03 1.32238e+00
1.56414e+03 1.43343e+00
1.59853e+03 1.35256e+00
1.63421e+03 1.33240e+00
1.67066e+03 1.29898e+00
1.70732e+03 1.31670e+00
1.74478e+03 1.24165e+00
1.78230e+03 1.31511e+00
1.81768e+03 1.39848e+00
1.85467e+03 1.20188e+00
1.89594e+03 1.11792e+00
1.93850e+03 1.13428e+00
1.98245e+03 1.05136e+00
2.02660e+03 1.12506e+00
2.06915e+03 1.12642e+00
2.11354e+03 1.03369e+00
2.15937e+03 1.05722e+00
2.20584e+03 1.00526e+00
2.25399e+03 9.85387e-01
2.30401e+03 9.33534e-01
2.35551e+03 9.27010e-01
2.40635e+03 9.58456e-01
2.45622e+03 9.63088e-01
2.50687e+03 9.28450e-01
2.56002e+03 8.70358e-01
2.61592e+03 8.43407e-01
2.67370e+03 8.20302e-01
2.73141e+03 8.41986e-01
2.78985e+03 7.97649e-01
2.84967e+03 8.03104e-01
2.91112e+03 7.58445e-01
2.97448e+03 7.54985e-01
3.03889e+03 7.32359e-01
3.10484e+03 7.20876e-01
3.17052e+03 7.38495e-01
3.23879e+03 6.67686e-01
3.30976e+03 6.82409e-01
3.38043e+03 6.73712e-01
3.45348e+03 6.39022e-01
3.52897e+03 6.30499e-01
3.60577e+03 6.16844e-01
3.68326e+03 6.18670e-01
3.76081e+03 6.17443e-01
3.84114e+03 5.76884e-01
3.92396e+03 5.79432e-01
4.00771e+03 5.63275e-01
4.09818e+03 4.98972e-01
4.19184e+03 5.27086e-01
4.28418e+03 5.11505e-01
4.38517e+03 4.41696e-01
4.48802e+03 4.93529e-01
4.58826e+03 4.63097e-01
4.69518e+03 4.33536e-01
4.80343e+03 4.51789e-01
4.91385e+03 4.16782e-01
5.03243e+03 3.92131e-01
5.15727e+03 3.76219e-01
5.28245e+03 3.89766e-01
5.41376e+03 3.40692e-01
5.56335e+03 3.01880e-01
5.71844e+03 3.18274e-01
5.86486e+03 3.36768e-01
6.02141e+03 2.79936e-01
6.19511e+03 2.71976e-01
6.37973e+03 2.47728e-01
6.56950e+03 2.57615e-01
6.75539e+03 2.58125e-01
6.95617e+03 2.21454e-01
7.17614e+03 2.13817e-01
7.41307e+03 1.91438e-01
7.66849e+03 1.84063e-01
7.94206e+03 1.66822e-01
8.23651e+03 1.58726e-01
8.54715e+03 1.49796e-01
8.87734e+03 1.40400e-01
9.24600e+03 1.20439e-01
9.65166e+03 1.15984e-01
1.01094e+04 9.51898e-02
1.06386e+04 8.61459e-02
1.12448e+04 7.26032e-02
1.19353e+04 6.63015e-02
1.27236e+04 5.59439e-02
1.37187e+04 4.18324e-02
1.50719e+04 3.03834e-02
1.71336e+04 1.84260e-02
2.18391e+04 5.85749e-03
3.04903e+04 4.91711e-04
