3.18136e+02
5.62011e+02
2.88006e+03
3.40230e+02
4.37967e+02
5.05811e+03
5.23359e+02
4.78940e+02
3.01865e+02
8.15498e+02
5.44292e+02
5.63775e+02
5.34490e+02
5.56727e+02
5.30727e+03
5.12129e+02
1.72578e+03
9.65733e+02
1.15447e+03
5.50168e+02
6.84148e+02
4.50328e+02
4.89852e+02
1.33410e+03
4.83066e+02
6.78377e+02
7.95695e+02
4.28141e+02
5.51855e+02
3.35039e+02
4.80926e+02
5.78489e+02
5.46306e+02
4.56270e+02
5.16536e+02
3.86352e+02
3.02599e+03
6.32881e+02
7.87925e+02
4.12366e+02
5.17774e+02
1.72110e+03
1.04453e+03
7.00295e+02
5.04071e+02
1.90791e+03
4.16277e+02
9.68260e+02
5.03718e+02
1.55486e+03
1.15390e+03
4.00351e+02
1.01102e+03
1.26870e+03
3.53677e+03
1.51799e+03
7.92522e+02
3.51142e+02
4.98270e+02
4.02521e+02
5.50168e+02
3.12636e+02
9.95573e+02
4.83361e+02
4.86206e+02
9.15615e+02
3.80815e+02
1.54845e+03
7.72156e+02
5.91197e+02
2.84640e+03
6.77796e+02
3.37303e+02
4.40448e+02
5.01713e+02
4.88412e+02
2.82806e+03
4.32317e+02
8.32711e+02
6.04602e+03
5.04865e+02
8.16281e+02
4.32317e+02
6.13756e+02
7.87925e+02
3.61934e+02
4.62097e+02
3.71828e+02
7.89765e+02
3.45893e+02
3.47184e+02
1.01153e+03
3.20443e+03
1.17404e+03
7.07197e+02
1.46262e+03
4.70454e+02
4.02521e+02
3.17727e+02
7.93679e+02
3.98471e+02
4.91132e+02
4.56122e+02
4.43438e+02
4.32317e+02
4.87935e+02
6.78377e+02
4.51164e+02
5.95390e+02
4.83513e+02
1.02832e+03
5.34490e+02
1.08631e+03
4.16935e+02
1.48261e+03
8.98158e+02
1.21437e+03
4.15035e+02
1.14473e+03
5.34598e+02
3.06563e+02
1.16731e+03
4.83361e+02
1.45008e+03
6.09605e+02
4.75770e+02
6.32881e+02
3.23330e+02
4.55938e+02
3.71086e+02
3.71086e+02
4.20244e+02
5.34677e+02
5.85808e+02
4.08346e+02
1.29760e+04
4.91132e+02
6.57786e+02
4.44949e+02
5.99841e+02
3.22285e+03
8.97346e+02
1.13937e+03
3.90266e+02
2.83938e+03
1.06953e+03
3.36178e+02
3.11738e+04
1.09599e+03
4.08346e+02
4.14988e+02
3.90266e+02
2.33972e+03
3.66370e+03
5.47151e+02
4.94697e+02
1.79190e+03
4.55689e+02
1.95181e+03
1.71252e+03
1.69873e+03
1.12566e+04
1.00358e+04
4.83361e+02
3.40735e+03
8.63145e+02
1.84267e+03
3.71371e+02
