6.93000e+02
6.35000e+02
6.09000e+02
5.57000e+02
5.36000e+02
5.31000e+02
5.14000e+02
5.08000e+02
5.07000e+02
4.93000e+02
4.88000e+02
4.82000e+02
4.75000e+02
4.67000e+02
4.67000e+02
4.63000e+02
4.62000e+02
4.60000e+02
4.58000e+02
4.54000e+02
4.54000e+02
4.52000e+02
4.52000e+02
4.52000e+02
4.49000e+02
4.47000e+02
4.47000e+02
4.46000e+02
4.45000e+02
4.45000e+02
4.44000e+02
4.42000e+02
4.42000e+02
4.42000e+02
4.40000e+02
4.40000e+02
4.39000e+02
4.39000e+02
4.36000e+02
4.36000e+02
4.35000e+02
4.35000e+02
4.34000e+02
4.34000e+02
4.33000e+02
4.32000e+02
4.31000e+02
4.31000e+02
4.31000e+02
4.31000e+02
4.31000e+02
4.30000e+02
4.30000e+02
4.30000e+02
4.29000e+02
4.28000e+02
4.28000e+02
4.28000e+02
4.28000e+02
4.26000e+02
4.26000e+02
4.24000e+02
4.23000e+02
4.23000e+02
4.23000e+02
4.22000e+02
4.21000e+02
4.21000e+02
4.20000e+02
4.20000e+02
4.19000e+02
4.18000e+02
4.18000e+02
4.18000e+02
4.18000e+02
4.17000e+02
4.17000e+02
4.17000e+02
4.15000e+02
4.15000e+02
4.14000e+02
4.14000e+02
4.13000e+02
4.13000e+02
4.13000e+02
4.13000e+02
4.12000e+02
4.12000e+02
4.12000e+02
4.11000e+02
4.11000e+02
4.11000e+02
4.11000e+02
4.11000e+02
4.10000e+02
4.10000e+02
4.10000e+02
4.10000e+02
4.10000e+02
4.09000e+02
4.08000e+02
4.07000e+02
4.05000e+02
4.05000e+02
4.03000e+02
4.02000e+02
4.02000e+02
4.02000e+02
4.01000e+02
3.99000e+02
3.99000e+02
3.98000e+02
3.96000e+02
3.96000e+02
3.95000e+02
3.95000e+02
3.94000e+02
3.92000e+02
3.89000e+02
3.88000e+02
3.88000e+02
3.86000e+02
3.85000e+02
3.84000e+02
3.83000e+02
3.82000e+02
3.81000e+02
3.80000e+02
3.76000e+02
3.61000e+02
3.57000e+02
3.55000e+02
3.53000e+02
3.50000e+02
3.46000e+02
3.43000e+02
3.40000e+02
3.33000e+02
3.33000e+02
3.32000e+02
3.28000e+02
3.28000e+02
3.20000e+02
3.15000e+02
3.10000e+02
3.02000e+02
3.01000e+02
3.01000e+02
3.00000e+02
2.92000e+02
2.89000e+02
2.85000e+02
2.82000e+02
2.82000e+02
2.82000e+02
2.81000e+02
2.79000e+02
2.74000e+02
2.72000e+02
2.72000e+02
2.71000e+02
2.65000e+02
2.62000e+02
2.61000e+02
2.51000e+02
2.51000e+02
2.49000e+02
2.49000e+02
2.47000e+02
2.40000e+02
2.33000e+02
2.30000e+02
2.28000e+02
2.24000e+02
2.22000e+02
2.22000e+02
2.21000e+02
2.19000e+02
2.18000e+02
2.18000e+02
2.17000e+02
2.15000e+02
2.14000e+02
2.11000e+02
2.06000e+02
2.01000e+02
1.98000e+02
1.97000e+02
1.97000e+02
1.97000e+02
1.96000e+02
1.95000e+02
1.94000e+02
1.93000e+02
1.92000e+02
1.92000e+02
1.91000e+02
1.91000e+02
1.86000e+02
1.85000e+02
1.82000e+02
1.81000e+02
1.77000e+02
1.76000e+02
1.73000e+02
1.71000e+02
1.70000e+02
1.65000e+02
1.64000e+02
1.63000e+02
1.60000e+02
1.57000e+02
1.56000e+02
1.55000e+02
1.55000e+02
1.55000e+02
1.52000e+02
1.52000e+02
1.50000e+02
1.50000e+02
1.49000e+02
1.46000e+02
1.46000e+02
1.46000e+02
1.44000e+02
1.42000e+02
1.41000e+02
1.40000e+02
1.39000e+02
1.39000e+02
1.39000e+02
1.38000e+02
1.38000e+02
1.37000e+02
1.35000e+02
1.34000e+02
1.33000e+02
1.31000e+02
1.30000e+02
1.28000e+02
1.24000e+02
1.24000e+02
1.23000e+02
1.22000e+02
1.20000e+02
1.19000e+02
1.18000e+02
1.16000e+02
1.15000e+02
1.15000e+02
1.15000e+02
1.14000e+02
1.14000e+02
1.13000e+02
1.11000e+02
1.10000e+02
1.05000e+02
1.05000e+02
1.04000e+02
1.03000e+02
1.03000e+02
1.02000e+02
1.01000e+02
1.00000e+02
9.90000e+01
9.70000e+01
9.40000e+01
9.30000e+01
9.10000e+01
8.90000e+01
8.80000e+01
8.60000e+01
8.50000e+01
8.40000e+01
8.20000e+01
8.20000e+01
8.00000e+01
8.00000e+01
7.90000e+01
7.90000e+01
7.80000e+01
7.70000e+01
7.60000e+01
7.40000e+01
7.40000e+01
7.00000e+01
6.90000e+01
6.80000e+01
6.70000e+01
6.70000e+01
6.50000e+01
6.40000e+01
6.40000e+01
6.30000e+01
6.30000e+01
6.20000e+01
6.00000e+01
6.00000e+01
6.00000e+01
5.90000e+01
5.80000e+01
5.70000e+01
5.60000e+01
5.60000e+01
5.50000e+01
5.30000e+01
5.20000e+01
