1.49522e+00 6.68796e-01 1.49522e+00 0.00000e+00
3.07827e+00 5.12441e+01 8.78150e-02 2.27752e+01
3.19677e+00 1.14062e+02 3.06850e-02 6.51784e+01
3.25393e+00 2.64301e+02 2.64850e-02 7.55144e+01
3.30756e+00 2.21035e+02 2.71450e-02 7.36784e+01
3.36194e+00 1.46870e+02 2.72350e-02 7.34349e+01
3.41330e+00 3.31606e+02 2.41250e-02 8.29016e+01
3.46330e+00 2.70636e+02 2.58650e-02 7.73246e+01
3.52077e+00 2.37229e+02 3.16150e-02 6.32611e+01
3.58392e+00 1.90295e+02 3.15300e-02 7.92896e+01
3.63285e+00 1.43678e+02 1.74000e-02 1.14943e+02
3.68646e+00 3.17636e+02 3.62050e-02 5.52410e+01
3.75896e+00 1.23967e+02 3.63000e-02 5.50964e+01
3.83807e+00 1.75172e+02 4.28150e-02 4.67126e+01
3.91594e+00 1.42653e+02 3.50500e-02 4.27960e+01
3.97615e+00 1.19237e+02 2.51600e-02 7.94913e+01
4.04288e+00 1.80440e+02 4.15650e-02 4.81174e+01
4.12213e+00 2.52056e+02 3.76900e-02 5.30645e+01
4.20869e+00 1.33020e+02 4.88650e-02 4.09291e+01
4.33122e+00 1.83262e+02 7.36650e-02 2.71499e+01
4.44445e+00 7.58150e+01 3.95700e-02 5.05433e+01
4.57598e+00 6.52422e+01 9.19650e-02 2.17474e+01
4.74250e+00 8.04829e+01 7.45500e-02 2.01207e+01
4.89253e+00 7.28718e+01 7.54750e-02 2.31865e+01
5.07451e+00 8.91893e+01 1.06515e-01 1.40825e+01
5.29054e+00 4.56558e+01 1.09515e-01 1.82623e+01
5.59578e+00 4.34294e+01 1.95720e-01 1.02187e+01
6.09802e+00 2.28374e+01 3.06515e-01 6.52497e+00
6.98633e+00 2.23444e+01 5.81800e-01 3.43761e+00
8.94137e+00 1.27436e+01 1.37324e+00 1.45641e+00
1.16879e+01 5.09742e+00 1.37324e+00 3.64102e-01
