1.49522e+00 1.33759e+00 1.49522e+00 0.00000e+00
3.07827e+00 1.13876e+01 8.78150e-02 1.70814e+01
3.19677e+00 6.51784e+01 3.06850e-02 4.88838e+01
3.25393e+00 7.55144e+01 2.64850e-02 5.66358e+01
3.30756e+00 9.20980e+01 2.71450e-02 5.52588e+01
3.36194e+00 9.17936e+01 2.72350e-02 5.50762e+01
3.41330e+00 1.24352e+02 2.41250e-02 6.21762e+01
3.46330e+00 1.93311e+01 2.58650e-02 5.79934e+01
3.52077e+00 6.32611e+01 3.16150e-02 4.74458e+01
3.58392e+00 1.11005e+02 3.15300e-02 4.75737e+01
3.63285e+00 8.62069e+01 1.74000e-02 8.62069e+01
3.68646e+00 1.79533e+02 3.62050e-02 4.14307e+01
3.75896e+00 6.88705e+01 3.63000e-02 4.13223e+01
3.83807e+00 4.67126e+01 4.28150e-02 3.50345e+01
3.91594e+00 5.70613e+01 3.50500e-02 4.27960e+01
3.97615e+00 7.94913e+01 2.51600e-02 5.96184e+01
4.04288e+00 9.62348e+01 4.15650e-02 3.60881e+01
4.12213e+00 0.00000e+00 3.76900e-02 3.97984e+01
4.20869e+00 7.16259e+01 4.88650e-02 3.06968e+01
4.33122e+00 6.78748e+01 7.36650e-02 2.03625e+01
4.44445e+00 3.79075e+01 3.95700e-02 3.79075e+01
4.57598e+00 6.52422e+01 9.19650e-02 1.63106e+01
4.74250e+00 1.34138e+01 7.45500e-02 2.01207e+01
4.89253e+00 3.97483e+01 7.54750e-02 1.98741e+01
5.07451e+00 4.22476e+01 1.06515e-01 1.40825e+01
5.29054e+00 3.65247e+01 1.09515e-01 1.36968e+01
5.59578e+00 1.27733e+01 1.95720e-01 7.66401e+00
6.09802e+00 1.63124e+01 3.06515e-01 4.89372e+00
6.98633e+00 1.37504e+01 5.81800e-01 2.57821e+00
8.94137e+00 3.27692e+00 1.37324e+00 7.28204e-01
1.16879e+01 1.82051e+00 1.37324e+00 0.00000e+00
