1.00062e+02 0.00000e+00
2.05991e+02 1.47156e+01
2.98095e+02 1.69234e+01
3.86279e+02 1.76730e+01
4.70935e+02 1.84135e+01
5.57073e+02 1.80967e+01
6.39119e+02 1.89993e+01
7.23750e+02 1.84163e+01
8.06534e+02 1.88326e+01
8.91096e+02 1.84340e+01
9.75283e+02 1.85134e+01
1.06124e+03 1.81372e+01
1.15009e+03 1.75408e+01
1.23848e+03 1.76375e+01
1.32817e+03 1.73757e+01
1.42082e+03 1.68175e+01
1.51408e+03 1.67232e+01
1.60768e+03 1.66557e+01
1.70666e+03 1.57478e+01
1.80669e+03 1.55830e+01
1.90722e+03 1.55048e+01
2.01847e+03 1.40068e+01
2.12612e+03 1.44863e+01
2.23755e+03 1.39876e+01
2.34988e+03 1.38741e+01
2.46849e+03 1.31443e+01
2.58731e+03 1.31199e+01
2.71058e+03 1.26439e+01
2.83920e+03 1.21208e+01
2.97352e+03 1.16023e+01
3.10910e+03 1.14974e+01
3.25178e+03 1.09253e+01
3.39935e+03 1.05632e+01
3.54998e+03 1.03491e+01
3.70465e+03 1.00779e+01
3.86517e+03 9.71128e+00
4.03690e+03 9.07496e+00
4.21410e+03 8.79839e+00
4.39478e+03 8.62670e+00
4.58205e+03 8.32390e+00
4.77976e+03 7.88425e+00
4.98272e+03 7.68049e+00
5.19953e+03 7.18929e+00
5.43169e+03 6.71344e+00
5.66713e+03 6.62181e+00
5.91777e+03 6.21892e+00
6.18944e+03 5.73706e+00
6.47558e+03 5.44822e+00
6.77568e+03 5.19350e+00
7.10431e+03 4.74402e+00
7.45549e+03 4.43820e+00
7.82707e+03 4.19540e+00
8.24034e+03 3.77161e+00
8.69554e+03 3.42424e+00
9.19153e+03 3.14261e+00
9.73874e+03 2.84846e+00
1.03622e+04 2.50045e+00
1.10926e+04 2.13423e+00
1.19441e+04 1.83038e+00
1.29500e+04 1.54987e+00
1.42266e+04 1.22047e+00
1.59964e+04 8.81041e-01
1.88797e+04 5.40519e-01
2.23262e+04 2.70110e-01
2.64018e+04 1.07716e-01
3.12214e+04 3.30019e-02
3.69208e+04 5.31288e-03
