2.43411e+01 0.00000e+00
3.92771e+02 4.79135e+00
5.68555e+02 1.00465e+01
7.06672e+02 1.27757e+01
8.41255e+02 1.31222e+01
9.67041e+02 1.40280e+01
1.08337e+03 1.51879e+01
1.20101e+03 1.49992e+01
1.30965e+03 1.62557e+01
1.42800e+03 1.49215e+01
1.53605e+03 1.63382e+01
1.64615e+03 1.60334e+01
1.75362e+03 1.64258e+01
1.86320e+03 1.61095e+01
1.96836e+03 1.68007e+01
2.07871e+03 1.59769e+01
2.18727e+03 1.62608e+01
2.29826e+03 1.59183e+01
2.41264e+03 1.54334e+01
2.52913e+03 1.51733e+01
2.63859e+03 1.61269e+01
2.75614e+03 1.50046e+01
2.87703e+03 1.46023e+01
2.99723e+03 1.46986e+01
3.11234e+03 1.53291e+01
3.23951e+03 1.38985e+01
3.37379e+03 1.31410e+01
3.50193e+03 1.37877e+01
3.63711e+03 1.30533e+01
3.77125e+03 1.31654e+01
3.91184e+03 1.25563e+01
4.04956e+03 1.28231e+01
4.18180e+03 1.33497e+01
4.32646e+03 1.22074e+01
4.47313e+03 1.20258e+01
4.62294e+03 1.17834e+01
4.78044e+03 1.12221e+01
4.94382e+03 1.08047e+01
5.10533e+03 1.09254e+01
5.28218e+03 9.98178e+00
5.46668e+03 9.57194e+00
5.64949e+03 9.65228e+00
5.83025e+03 9.77841e+00
6.01805e+03 9.39167e+00
6.22893e+03 8.37807e+00
6.43968e+03 8.37964e+00
6.66892e+03 7.70055e+00
6.90196e+03 7.57841e+00
7.13403e+03 7.60654e+00
7.37802e+03 7.23195e+00
7.63266e+03 6.93244e+00
7.91430e+03 6.27325e+00
8.19597e+03 6.26701e+00
8.50431e+03 5.72763e+00
8.83500e+03 5.33586e+00
9.20728e+03 4.73980e+00
9.59115e+03 4.60057e+00
1.00073e+04 4.24014e+00
1.04881e+04 3.67621e+00
1.09552e+04 3.77283e+00
1.15487e+04 2.98061e+00
1.21345e+04 3.01460e+00
1.28003e+04 2.65132e+00
1.35990e+04 2.20936e+00
1.45792e+04 1.80094e+00
1.58245e+04 1.41880e+00
1.74486e+04 1.08692e+00
2.02239e+04 6.36319e-01
2.63066e+04 2.47619e-01
3.42187e+04 3.27468e-02
