1.00040e+02 0.00000e+00
1.98011e+02 1.36634e+01
2.80932e+02 1.61410e+01
3.58361e+02 1.72871e+01
4.35491e+02 1.73578e+01
5.08542e+02 1.83245e+01
5.81383e+02 1.83746e+01
6.52610e+02 1.87951e+01
7.25619e+02 1.83349e+01
7.99227e+02 1.81831e+01
8.75069e+02 1.76514e+01
9.50444e+02 1.77593e+01
1.02519e+03 1.79064e+01
1.10194e+03 1.74400e+01
1.17991e+03 1.71709e+01
1.25834e+03 1.70664e+01
1.34103e+03 1.61813e+01
1.42389e+03 1.61611e+01
1.50747e+03 1.60125e+01
1.59313e+03 1.56316e+01
1.68172e+03 1.51090e+01
1.77215e+03 1.48020e+01
1.86294e+03 1.47458e+01
1.95984e+03 1.38119e+01
2.05813e+03 1.36191e+01
2.15849e+03 1.33362e+01
2.25919e+03 1.32951e+01
2.36145e+03 1.30906e+01
2.47259e+03 1.20447e+01
2.58539e+03 1.18649e+01
2.70102e+03 1.15780e+01
2.81742e+03 1.14995e+01
2.94074e+03 1.08553e+01
3.06698e+03 1.06027e+01
3.19665e+03 1.03230e+01
3.33232e+03 9.86662e+00
3.47387e+03 9.45650e+00
3.62081e+03 9.11001e+00
3.77518e+03 8.67158e+00
3.93277e+03 8.49295e+00
4.09809e+03 8.09595e+00
4.27433e+03 7.59704e+00
4.45761e+03 7.30374e+00
4.64634e+03 7.09225e+00
4.84787e+03 6.64131e+00
5.05683e+03 6.40657e+00
5.27780e+03 6.05831e+00
5.51267e+03 5.69940e+00
5.77295e+03 5.14259e+00
6.03868e+03 5.03768e+00
6.33143e+03 4.57182e+00
6.64897e+03 4.21592e+00
6.99469e+03 3.87139e+00
7.36302e+03 3.63456e+00
7.78035e+03 3.20780e+00
8.24804e+03 2.86157e+00
8.77658e+03 2.53286e+00
9.38317e+03 2.20694e+00
1.01131e+04 1.83364e+00
1.09990e+04 1.51069e+00
1.21294e+04 1.18446e+00
1.37048e+04 8.49701e-01
1.63982e+04 4.97001e-01
2.01283e+04 2.26717e-01
2.47070e+04 8.06693e-02
3.03271e+04 1.90518e-02
3.72257e+04 2.39225e-03
