1.80493e+01 0.00000e+00
3.53001e+02 4.57433e+00
5.19017e+02 9.21961e+00
6.49356e+02 1.17735e+01
7.64451e+02 1.33054e+01
8.73115e+02 1.41074e+01
9.77900e+02 1.46070e+01
1.08935e+03 1.37621e+01
1.18371e+03 1.62289e+01
1.28714e+03 1.48289e+01
1.37316e+03 1.78028e+01
1.46458e+03 1.67511e+01
1.55622e+03 1.67374e+01
1.64582e+03 1.70907e+01
1.73794e+03 1.66495e+01
1.83388e+03 1.59695e+01
1.92869e+03 1.61605e+01
2.02488e+03 1.59130e+01
2.11704e+03 1.66338e+01
2.20972e+03 1.65405e+01
2.30992e+03 1.52984e+01
2.41547e+03 1.45162e+01
2.51416e+03 1.55179e+01
2.62064e+03 1.44036e+01
2.72430e+03 1.47738e+01
2.83367e+03 1.40019e+01
2.93810e+03 1.46794e+01
3.04857e+03 1.38845e+01
3.15714e+03 1.40973e+01
3.27733e+03 1.27613e+01
3.39738e+03 1.27622e+01
3.51684e+03 1.28265e+01
3.65240e+03 1.12966e+01
3.77794e+03 1.22047e+01
3.91025e+03 1.15802e+01
4.04529e+03 1.13520e+01
4.17938e+03 1.14265e+01
4.32414e+03 1.05950e+01
4.46316e+03 1.10158e+01
4.61240e+03 1.02722e+01
4.76793e+03 9.84089e+00
4.92628e+03 9.67092e+00
5.08837e+03 9.47205e+00
5.25740e+03 9.06440e+00
5.43259e+03 8.73701e+00
5.60212e+03 9.03781e+00
5.79160e+03 8.09447e+00
5.98564e+03 7.90056e+00
6.18926e+03 7.52436e+00
6.41718e+03 6.71564e+00
6.65910e+03 6.34003e+00
6.89515e+03 6.49082e+00
7.13482e+03 6.38958e+00
7.40329e+03 5.71288e+00
7.69808e+03 5.19763e+00
8.03530e+03 4.53885e+00
8.38451e+03 4.39431e+00
8.75140e+03 4.17401e+00
9.13340e+03 4.01094e+00
9.58592e+03 3.38763e+00
1.00721e+04 3.15121e+00
1.06254e+04 2.77055e+00
1.13150e+04 2.22084e+00
1.20190e+04 2.17527e+00
1.28818e+04 1.77674e+00
1.39149e+04 1.48392e+00
1.54760e+04 9.80939e-01
1.80453e+04 5.96963e-01
2.45534e+04 2.02055e-01
3.34086e+04 2.45268e-02
