1.00031e+02 0.00000e+00
2.00481e+02 1.39848e+01
2.86508e+02 1.63304e+01
3.67579e+02 1.73275e+01
4.46921e+02 1.77052e+01
5.25223e+02 1.79416e+01
5.99353e+02 1.89514e+01
6.74466e+02 1.86993e+01
7.49391e+02 1.87516e+01
8.23406e+02 1.89809e+01
8.99260e+02 1.85179e+01
9.77765e+02 1.78965e+01
1.05709e+03 1.77092e+01
1.13825e+03 1.73009e+01
1.21797e+03 1.76300e+01
1.30259e+03 1.66027e+01
1.38942e+03 1.61786e+01
1.47696e+03 1.60462e+01
1.56606e+03 1.57679e+01
1.65719e+03 1.54143e+01
1.75014e+03 1.51067e+01
1.84589e+03 1.46787e+01
1.94518e+03 1.41489e+01
2.04506e+03 1.40649e+01
2.14434e+03 1.41501e+01
2.24931e+03 1.33824e+01
2.35855e+03 1.28594e+01
2.47052e+03 1.25480e+01
2.58694e+03 1.20652e+01
2.70452e+03 1.19491e+01
2.82609e+03 1.15526e+01
2.95576e+03 1.08349e+01
3.08673e+03 1.07276e+01
3.22015e+03 1.05279e+01
3.36177e+03 9.92087e+00
3.50457e+03 9.83426e+00
3.65168e+03 9.55178e+00
3.80841e+03 8.96359e+00
3.96654e+03 8.88446e+00
4.13112e+03 8.53523e+00
4.30176e+03 8.23173e+00
4.48616e+03 7.61802e+00
4.67895e+03 7.28701e+00
4.88004e+03 6.98574e+00
5.08612e+03 6.81708e+00
5.30939e+03 6.29254e+00
5.54667e+03 5.92075e+00
5.80007e+03 5.54331e+00
6.06894e+03 5.22542e+00
6.36008e+03 4.82471e+00
6.66290e+03 4.63861e+00
6.99502e+03 4.22999e+00
7.35711e+03 3.88042e+00
7.75376e+03 3.54132e+00
8.18676e+03 3.24473e+00
8.68229e+03 2.83446e+00
9.25811e+03 2.44009e+00
9.90755e+03 2.16305e+00
1.06796e+04 1.81952e+00
1.15765e+04 1.56632e+00
1.27718e+04 1.17517e+00
1.44512e+04 8.36595e-01
1.72221e+04 5.06931e-01
2.08681e+04 2.37406e-01
2.52860e+04 8.82473e-02
3.06392e+04 2.43821e-02
3.71257e+04 2.92742e-03
