3.28850e+01 0.00000e+00
3.74503e+02 4.71585e+00
5.31793e+02 1.02327e+01
6.55370e+02 1.30427e+01
7.74224e+02 1.35418e+01
8.84622e+02 1.46066e+01
9.88970e+02 1.54244e+01
1.08766e+03 1.63386e+01
1.19249e+03 1.53683e+01
1.29323e+03 1.59697e+01
1.39559e+03 1.57537e+01
1.49644e+03 1.59443e+01
1.59723e+03 1.59990e+01
1.69640e+03 1.62297e+01
1.80448e+03 1.49269e+01
1.90357e+03 1.62428e+01
1.99867e+03 1.69403e+01
2.10036e+03 1.58574e+01
2.19924e+03 1.62922e+01
2.30189e+03 1.56726e+01
2.40711e+03 1.53255e+01
2.51243e+03 1.52891e+01
2.61941e+03 1.50659e+01
2.72636e+03 1.50637e+01
2.83680e+03 1.45735e+01
2.94858e+03 1.44258e+01
3.06364e+03 1.39957e+01
3.18470e+03 1.33009e+01
3.30936e+03 1.29111e+01
3.43045e+03 1.33230e+01
3.54873e+03 1.36210e+01
3.68310e+03 1.19834e+01
3.81878e+03 1.18736e+01
3.95136e+03 1.21510e+01
4.08316e+03 1.22121e+01
4.22535e+03 1.13407e+01
4.37263e+03 1.09334e+01
4.52373e+03 1.06519e+01
4.67153e+03 1.09051e+01
4.82783e+03 1.03119e+01
4.99582e+03 9.59006e+00
5.15789e+03 9.94049e+00
5.32544e+03 9.61055e+00
5.50547e+03 8.94876e+00
5.68935e+03 8.76126e+00
5.88792e+03 8.10535e+00
6.08367e+03 8.22223e+00
6.28770e+03 7.89228e+00
6.51081e+03 7.23436e+00
6.73511e+03 7.17567e+00
6.98463e+03 6.45039e+00
7.22188e+03 6.79680e+00
7.50825e+03 5.62831e+00
7.80610e+03 5.41143e+00
8.13270e+03 4.93027e+00
8.44894e+03 5.09433e+00
8.78748e+03 4.75877e+00
9.17020e+03 4.20542e+00
9.58791e+03 3.85861e+00
1.00391e+04 3.56892e+00
1.05485e+04 3.15662e+00
1.11028e+04 2.91189e+00
1.17879e+04 2.35040e+00
1.25712e+04 2.05671e+00
1.35558e+04 1.63772e+00
1.47107e+04 1.39492e+00
1.62350e+04 1.05543e+00
1.87501e+04 6.41152e-01
2.48975e+04 2.25614e-01
3.30605e+04 2.74495e-02
