1.00006e+02 0.00000e+00
2.02371e+02 1.42023e+01
2.89764e+02 1.66414e+01
3.73256e+02 1.74139e+01
4.53426e+02 1.81394e+01
5.32126e+02 1.84768e+01
6.10531e+02 1.85466e+01
6.88401e+02 1.86710e+01
7.66790e+02 1.85488e+01
8.44605e+02 1.86898e+01
9.21881e+02 1.88159e+01
1.00495e+03 1.75053e+01
1.08640e+03 1.78503e+01
1.16843e+03 1.77255e+01
1.25369e+03 1.70574e+01
1.34076e+03 1.66986e+01
1.42796e+03 1.66758e+01
1.51763e+03 1.62174e+01
1.60952e+03 1.58192e+01
1.70367e+03 1.54497e+01
1.80003e+03 1.50848e+01
1.89785e+03 1.48697e+01
1.99979e+03 1.42642e+01
2.10236e+03 1.41766e+01
2.21186e+03 1.32790e+01
2.31736e+03 1.37777e+01
2.42843e+03 1.30958e+01
2.54297e+03 1.26945e+01
2.66167e+03 1.22496e+01
2.78497e+03 1.17943e+01
2.91301e+03 1.13552e+01
3.04842e+03 1.07405e+01
3.18578e+03 1.05837e+01
3.32223e+03 1.06577e+01
3.46514e+03 1.01752e+01
3.61544e+03 9.67416e+00
3.77390e+03 9.17744e+00
3.93290e+03 9.14523e+00
4.10201e+03 8.59759e+00
4.27512e+03 8.40083e+00
4.45985e+03 7.87036e+00
4.64890e+03 7.69066e+00
4.84925e+03 7.25901e+00
5.05678e+03 7.00634e+00
5.27988e+03 6.51737e+00
5.51163e+03 6.27366e+00
5.75573e+03 5.95711e+00
6.01370e+03 5.63814e+00
6.29536e+03 5.16267e+00
6.59809e+03 4.80310e+00
6.91922e+03 4.52805e+00
7.26592e+03 4.19424e+00
7.64356e+03 3.85033e+00
8.06265e+03 3.46970e+00
8.52866e+03 3.12019e+00
9.04200e+03 2.83270e+00
9.61856e+03 2.52188e+00
1.02915e+04 2.16055e+00
1.10798e+04 1.84437e+00
1.20601e+04 1.48368e+00
1.33310e+04 1.14409e+00
1.50764e+04 8.33122e-01
1.79112e+04 5.12883e-01
2.13556e+04 2.50673e-01
2.54624e+04 1.01457e-01
3.03589e+04 3.01761e-02
3.61970e+04 4.54080e-03
