2.92004e+01 0.00000e+00
3.85091e+02 4.65868e+00
5.42253e+02 1.05447e+01
6.75779e+02 1.24112e+01
7.97321e+02 1.36349e+01
9.13270e+02 1.43125e+01
1.02291e+03 1.51151e+01
1.13941e+03 1.42313e+01
1.24361e+03 1.59046e+01
1.34608e+03 1.61727e+01
1.45198e+03 1.56489e+01
1.55746e+03 1.57039e+01
1.65984e+03 1.62243e+01
1.75760e+03 1.69597e+01
1.86040e+03 1.61208e+01
1.96065e+03 1.65079e+01
2.06844e+03 1.53958e+01
2.17498e+03 1.55693e+01
2.28022e+03 1.57543e+01
2.38724e+03 1.54930e+01
2.49370e+03 1.55587e+01
2.60111e+03 1.54218e+01
2.71727e+03 1.42931e+01
2.82870e+03 1.48785e+01
2.94383e+03 1.43883e+01
3.04782e+03 1.59437e+01
3.16981e+03 1.35911e+01
3.28954e+03 1.38538e+01
3.40858e+03 1.39154e+01
3.53862e+03 1.27498e+01
3.66909e+03 1.27019e+01
3.79949e+03 1.27263e+01
3.93186e+03 1.25196e+01
4.07619e+03 1.14821e+01
4.20901e+03 1.24714e+01
4.35573e+03 1.13055e+01
4.49688e+03 1.17517e+01
4.64840e+03 1.09472e+01
4.80131e+03 1.08330e+01
4.95182e+03 1.10158e+01
5.12549e+03 9.54675e+00
5.30089e+03 9.45259e+00
5.48178e+03 9.16570e+00
5.66620e+03 8.99050e+00
5.85610e+03 8.73060e+00
6.06119e+03 8.08398e+00
6.26280e+03 8.21633e+00
6.48791e+03 7.36870e+00
6.70708e+03 7.56474e+00
6.94564e+03 6.93713e+00
7.19063e+03 6.78006e+00
7.45216e+03 6.33370e+00
7.72277e+03 6.12401e+00
7.99144e+03 6.17393e+00
8.31316e+03 5.15350e+00
8.64593e+03 4.98245e+00
9.01400e+03 4.50447e+00
9.40538e+03 4.23429e+00
9.84903e+03 3.73714e+00
1.03095e+04 3.59897e+00
1.08255e+04 3.21432e+00
1.14386e+04 2.70437e+00
1.21330e+04 2.38443e+00
1.28901e+04 2.19186e+00
1.38046e+04 1.81221e+00
1.49959e+04 1.39110e+00
1.65698e+04 1.05391e+00
1.93398e+04 5.98561e-01
2.55610e+04 2.28589e-01
3.37836e+04 2.86857e-02
