3.17712e+02 1.97718e-01 1.77019e+01 9.79951e-02
3.54755e+02 2.84370e-01 1.93410e+01 8.96753e-02
3.94681e+02 3.15765e-01 2.05849e+01 8.33253e-02
4.35268e+02 3.24968e-01 2.00020e+01 8.57336e-02
4.70430e+02 4.61734e-01 1.51602e+01 1.14106e-01
4.97925e+02 4.86431e-01 1.23347e+01 1.40559e-01
5.23462e+02 3.02980e-01 1.32022e+01 1.30996e-01
5.60824e+02 2.06960e-01 2.41592e+01 7.15425e-02
6.46110e+02 1.22695e-01 6.11272e+01 2.81322e-02
7.99750e+02 5.94514e-02 9.25125e+01 1.86728e-02
1.04078e+03 6.39634e-02 1.48522e+02 1.16354e-02
1.46217e+03 2.38211e-02 2.72868e+02 6.32342e-03
2.38732e+03 7.66549e-03 6.52274e+02 2.65111e-03
1.37137e+04 5.15263e-04 1.06742e+04 1.61669e-04
