6.08202e+01 1.01663e+00 1.08201e+01 1.85828e-01
8.25561e+01 8.24491e-01 1.09158e+01 1.84281e-01
1.03560e+02 6.93888e-01 1.00881e+01 1.99454e-01
1.23332e+02 8.77786e-01 9.68345e+00 2.07657e-01
1.43122e+02 9.89384e-01 1.01073e+01 1.99028e-01
1.64005e+02 5.56840e-01 1.07751e+01 1.86633e-01
1.86581e+02 7.62613e-01 1.18015e+01 1.70370e-01
2.13155e+02 4.40018e-01 1.47721e+01 1.36226e-01
2.46601e+02 3.21298e-01 1.86743e+01 1.07696e-01
2.88339e+02 3.68544e-01 2.30637e+01 8.71735e-02
3.40701e+02 2.55986e-01 2.92984e+01 6.86775e-02
