1.49522e+00 1.33759e+00 1.49522e+00 0.00000e+00
3.13268e+00 3.16378e+01 1.42235e-01 1.70492e+01
3.34943e+00 9.39534e+01 7.45050e-02 2.68438e+01
3.51376e+00 7.79250e+01 8.98300e-02 2.78303e+01
3.69203e+00 1.18718e+02 8.84450e-02 2.82662e+01
3.87671e+00 5.19588e+01 9.62300e-02 2.59794e+01
4.08817e+00 6.07454e+01 1.15235e-01 1.73558e+01
4.35432e+00 5.63250e+01 1.50910e-01 1.32529e+01
4.74696e+00 4.13676e+01 2.41735e-01 8.27352e+00
5.40080e+00 2.66929e+01 4.12095e-01 4.85325e+00
7.62494e+00 8.55384e+00 1.81205e+00 1.33826e+00
1.12490e+01 2.48337e+00 1.81205e+00 2.75930e-01
