1.49522e+00 6.68796e-01 1.49522e+00 0.00000e+00
3.13268e+00 1.05459e+02 1.42235e-01 2.46072e+01
3.34943e+00 2.34884e+02 7.45050e-02 4.69767e+01
3.51376e+00 2.28209e+02 8.98300e-02 4.45286e+01
3.69203e+00 1.97863e+02 8.84450e-02 3.95726e+01
3.87671e+00 1.45485e+02 9.62300e-02 3.11753e+01
4.08817e+00 1.90914e+02 1.15235e-01 2.60338e+01
4.35432e+00 1.39156e+02 1.50910e-01 2.26956e+01
4.74696e+00 7.65301e+01 2.41735e-01 1.24103e+01
5.40080e+00 5.33857e+01 4.12095e-01 8.49319e+00
7.62494e+00 1.79355e+01 1.81205e+00 1.65558e+00
1.12490e+01 6.62232e+00 1.81205e+00 2.75930e-01
