1.00013e+02 0.00000e+00
1.86918e+02 1.20356e+01
2.60279e+02 1.42608e+01
3.27815e+02 1.54897e+01
3.90899e+02 1.65865e+01
4.53468e+02 1.67193e+01
5.13685e+02 1.73699e+01
5.73334e+02 1.75415e+01
6.34636e+02 1.70637e+01
6.95066e+02 1.73136e+01
7.54839e+02 1.75015e+01
8.16124e+02 1.70707e+01
8.77561e+02 1.70274e+01
9.39945e+02 1.67691e+01
1.00089e+03 1.71652e+01
1.06611e+03 1.60412e+01
1.13093e+03 1.61379e+01
1.19590e+03 1.61003e+01
1.26453e+03 1.52416e+01
1.33180e+03 1.55475e+01
1.40036e+03 1.52650e+01
1.47203e+03 1.45973e+01
1.54472e+03 1.43921e+01
1.61872e+03 1.41256e+01
1.69450e+03 1.38147e+01
1.77267e+03 1.33806e+01
1.85228e+03 1.31443e+01
1.93402e+03 1.27962e+01
2.01832e+03 1.24129e+01
2.10325e+03 1.23165e+01
2.18990e+03 1.20728e+01
2.27934e+03 1.16976e+01
2.37018e+03 1.15158e+01
2.46770e+03 1.07286e+01
2.56766e+03 1.04613e+01
2.66997e+03 1.02287e+01
2.77798e+03 9.68385e+00
2.88514e+03 9.76357e+00
2.99834e+03 9.23923e+00
3.11392e+03 9.05362e+00
3.23681e+03 8.51382e+00
3.36373e+03 8.24202e+00
3.49625e+03 7.89433e+00
3.63702e+03 7.43072e+00
3.77925e+03 7.35291e+00
3.93253e+03 6.82733e+00
4.09201e+03 6.56029e+00
4.26176e+03 6.16276e+00
4.43896e+03 5.90232e+00
4.63075e+03 5.45601e+00
4.83267e+03 5.18114e+00
5.04762e+03 4.86696e+00
5.28266e+03 4.45072e+00
5.53788e+03 4.09853e+00
5.81513e+03 3.77317e+00
6.11594e+03 3.47843e+00
6.45872e+03 3.05071e+00
6.85216e+03 2.65986e+00
7.30213e+03 2.32502e+00
7.84883e+03 1.91349e+00
8.52452e+03 1.54810e+00
9.38693e+03 1.21310e+00
1.07898e+04 7.45748e-01
1.22287e+04 4.13523e-01
1.38594e+04 1.94567e-01
1.57077e+04 6.24982e-02
1.78024e+04 8.77048e-03
