2.65415e+01 0.00000e+00
2.92617e+02 3.98422e+00
4.14089e+02 8.74691e+00
5.12384e+02 1.08013e+01
6.02697e+02 1.17558e+01
6.87373e+02 1.25385e+01
7.61724e+02 1.42581e+01
8.32435e+02 1.50147e+01
9.05165e+02 1.46090e+01
9.84110e+02 1.34487e+01
1.06121e+03 1.37602e+01
1.13038e+03 1.53485e+01
1.20009e+03 1.52320e+01
1.26831e+03 1.55501e+01
1.34053e+03 1.47015e+01
1.40851e+03 1.55938e+01
1.47809e+03 1.52703e+01
1.54287e+03 1.63771e+01
1.61413e+03 1.48878e+01
1.68984e+03 1.40438e+01
1.76756e+03 1.36613e+01
1.83769e+03 1.51281e+01
1.91391e+03 1.39290e+01
1.98284e+03 1.53796e+01
2.05373e+03 1.49991e+01
2.12582e+03 1.47177e+01
2.19239e+03 1.59235e+01
2.27057e+03 1.36007e+01
2.35350e+03 1.28019e+01
2.42889e+03 1.40411e+01
2.50960e+03 1.31842e+01
2.58444e+03 1.41866e+01
2.67192e+03 1.21274e+01
2.76118e+03 1.18949e+01
2.84918e+03 1.20645e+01
2.93731e+03 1.20477e+01
3.02720e+03 1.17927e+01
3.11865e+03 1.16182e+01
3.22030e+03 1.04370e+01
3.32032e+03 1.06234e+01
3.42162e+03 1.04487e+01
3.52340e+03 1.04472e+01
3.63460e+03 9.55461e+00
3.73648e+03 1.04217e+01
3.84621e+03 9.65356e+00
3.97209e+03 8.44734e+00
4.09304e+03 8.76447e+00
4.21825e+03 8.47941e+00
4.35736e+03 7.63784e+00
4.48799e+03 8.12774e+00
4.63057e+03 7.44621e+00
4.78201e+03 6.97908e+00
4.94812e+03 6.40607e+00
5.12223e+03 6.09791e+00
5.28254e+03 6.62284e+00
5.47721e+03 5.45807e+00
5.68517e+03 5.10143e+00
5.91427e+03 4.63425e+00
6.15420e+03 4.42849e+00
6.40121e+03 4.28843e+00
6.68039e+03 3.80871e+00
6.96776e+03 3.69461e+00
7.28587e+03 3.33246e+00
7.68368e+03 2.66888e+00
8.12047e+03 2.43257e+00
8.69066e+03 1.86060e+00
9.44857e+03 1.40190e+00
1.06311e+04 8.96470e-01
1.33707e+04 3.36024e-01
1.68163e+04 4.11932e-02
