6.43034e+01 8.29780e-02
4.19098e+02 1.20877e+00
4.45698e+02 1.26381e+00
4.72091e+02 1.22455e+00
4.99830e+02 1.14387e+00
5.28855e+02 1.11839e+00
5.58014e+02 1.13464e+00
5.87237e+02 1.11288e+00
6.17366e+02 1.06686e+00
6.47928e+02 1.08232e+00
6.78027e+02 1.10017e+00
7.08526e+02 1.05376e+00
7.39808e+02 1.04502e+00
7.71654e+02 1.01699e+00
8.03295e+02 1.06113e+00
8.34295e+02 1.05749e+00
8.66297e+02 9.95292e-01
8.99294e+02 9.94564e-01
9.31892e+02 1.02084e+00
9.64888e+02 9.68770e-01
9.98800e+02 9.66454e-01
1.03223e+03 1.00000e+00
1.06577e+03 9.59279e-01
1.10080e+03 9.14751e-01
1.13693e+03 9.03005e-01
1.17339e+03 8.98655e-01
1.20915e+03 9.39619e-01
1.24488e+03 8.98128e-01
1.28192e+03 8.74676e-01
1.31939e+03 8.77611e-01
1.35648e+03 8.93372e-01
1.39404e+03 8.55408e-01
1.43289e+03 8.34983e-01
1.47320e+03 7.94265e-01
1.51389e+03 8.20170e-01
1.55451e+03 7.96492e-01
1.59676e+03 7.57897e-01
1.64002e+03 7.60098e-01
1.68413e+03 7.28135e-01
1.72835e+03 7.57976e-01
1.77175e+03 7.56010e-01
1.81499e+03 7.62520e-01
1.85805e+03 7.62525e-01
1.90153e+03 7.47440e-01
1.94713e+03 6.94298e-01
1.99460e+03 6.88886e-01
2.04211e+03 6.93101e-01
2.09110e+03 6.47991e-01
2.14264e+03 6.26162e-01
2.19413e+03 6.49626e-01
2.24603e+03 6.16257e-01
2.29826e+03 6.42094e-01
2.35032e+03 6.19383e-01
2.40437e+03 5.95632e-01
2.45968e+03 5.91211e-01
2.51486e+03 5.98810e-01
2.57189e+03 5.54198e-01
2.62969e+03 5.82809e-01
2.68785e+03 5.46895e-01
2.74749e+03 5.54444e-01
2.80665e+03 5.55585e-01
2.86726e+03 5.28162e-01
2.92993e+03 5.19186e-01
2.99321e+03 5.18573e-01
3.05708e+03 5.09716e-01
3.12246e+03 4.94525e-01
3.18822e+03 5.04245e-01
3.25385e+03 4.96280e-01
3.32201e+03 4.67803e-01
3.39217e+03 4.67990e-01
3.46402e+03 4.46090e-01
3.53661e+03 4.58852e-01
3.61044e+03 4.31108e-01
3.68698e+03 4.26857e-01
3.76438e+03 4.21503e-01
3.84281e+03 4.15577e-01
3.92374e+03 3.95359e-01
4.00670e+03 3.96236e-01
4.08958e+03 3.96610e-01
4.17497e+03 3.72917e-01
4.26374e+03 3.66774e-01
4.35360e+03 3.63949e-01
4.44532e+03 3.51984e-01
4.54184e+03 3.28856e-01
4.64038e+03 3.37791e-01
4.74008e+03 3.20805e-01
4.84136e+03 3.27573e-01
4.94327e+03 3.17043e-01
5.04892e+03 3.04684e-01
5.15885e+03 2.92731e-01
5.27113e+03 2.92108e-01
5.38584e+03 2.80453e-01
5.50682e+03 2.62672e-01
5.63177e+03 2.62868e-01
5.75942e+03 2.51704e-01
5.89338e+03 2.38641e-01
6.02927e+03 2.44538e-01
6.16650e+03 2.34046e-01
6.31210e+03 2.17449e-01
6.46220e+03 2.19973e-01
6.61193e+03 2.18663e-01
6.77074e+03 1.95808e-01
6.94011e+03 1.91828e-01
7.11698e+03 1.79736e-01
7.29861e+03 1.81885e-01
7.48468e+03 1.71151e-01
7.68268e+03 1.60592e-01
7.89412e+03 1.50209e-01
8.11527e+03 1.46818e-01
8.34565e+03 1.38325e-01
8.59613e+03 1.24329e-01
8.86366e+03 1.21113e-01
9.14786e+03 1.10295e-01
9.45109e+03 1.06292e-01
9.77301e+03 9.79107e-02
1.01264e+04 8.82849e-02
1.05098e+04 8.29994e-02
1.09260e+04 7.49906e-02
1.13875e+04 6.76090e-02
1.19083e+04 5.89003e-02
1.25130e+04 5.01776e-02
1.32284e+04 4.21397e-02
1.40694e+04 3.62443e-02
1.51047e+04 2.79797e-02
1.64912e+04 2.03077e-02
1.85360e+04 1.30361e-02
2.31586e+04 4.09623e-03
3.15599e+04 3.41793e-04
