6.61542e+01 7.66679e-02
4.16254e+02 1.32229e+00
4.39195e+02 1.31375e+00
4.62406e+02 1.29121e+00
4.86103e+02 1.26021e+00
5.10146e+02 1.25458e+00
5.34601e+02 1.21773e+00
5.59132e+02 1.24799e+00
5.83249e+02 1.25927e+00
6.07063e+02 1.28071e+00
6.31051e+02 1.23951e+00
6.55990e+02 1.18502e+00
6.81179e+02 1.21676e+00
7.06414e+02 1.17914e+00
7.32253e+02 1.16029e+00
7.58679e+02 1.12733e+00
7.85468e+02 1.12993e+00
8.12623e+02 1.09666e+00
8.40376e+02 1.08149e+00
8.68317e+02 1.08235e+00
8.96599e+02 1.05540e+00
9.24814e+02 1.08829e+00
9.53271e+02 1.03636e+00
9.82310e+02 1.04586e+00
1.01155e+03 1.02159e+00
1.04145e+03 1.00000e+00
1.07182e+03 9.91089e-01
1.10240e+03 9.85555e-01
1.13372e+03 9.45184e-01
1.16497e+03 9.91587e-01
1.19600e+03 9.57187e-01
1.22806e+03 9.27985e-01
1.26104e+03 9.04544e-01
1.29385e+03 9.39423e-01
1.32614e+03 9.33438e-01
1.35945e+03 8.82088e-01
1.39384e+03 8.75890e-01
1.42832e+03 8.77603e-01
1.46353e+03 8.39755e-01
1.49938e+03 8.46633e-01
1.53525e+03 8.38698e-01
1.57187e+03 8.11883e-01
1.60927e+03 8.04337e-01
1.64671e+03 8.10724e-01
1.68462e+03 7.84449e-01
1.72327e+03 7.80057e-01
1.76246e+03 7.62477e-01
1.80235e+03 7.52311e-01
1.84310e+03 7.31056e-01
1.88451e+03 7.29202e-01
1.92680e+03 7.00888e-01
1.97033e+03 6.88176e-01
2.01449e+03 6.80586e-01
2.05916e+03 6.72322e-01
2.10455e+03 6.59659e-01
2.15148e+03 6.29177e-01
2.19885e+03 6.47444e-01
2.24639e+03 6.24395e-01
2.29430e+03 6.37989e-01
2.34305e+03 6.02640e-01
2.39390e+03 5.86388e-01
2.44536e+03 5.88332e-01
2.49736e+03 5.74350e-01
2.55004e+03 5.73071e-01
2.60328e+03 5.62486e-01
2.65831e+03 5.36453e-01
2.71465e+03 5.36567e-01
2.77211e+03 5.15472e-01
2.83079e+03 5.14650e-01
2.89054e+03 4.97553e-01
2.95258e+03 4.77327e-01
3.01628e+03 4.71643e-01
3.08068e+03 4.67124e-01
3.14535e+03 4.67511e-01
3.21092e+03 4.54561e-01
3.27808e+03 4.45733e-01
3.34739e+03 4.26663e-01
3.41974e+03 4.09084e-01
3.49174e+03 4.31442e-01
3.56399e+03 4.05738e-01
3.64067e+03 3.83146e-01
3.71900e+03 3.88711e-01
3.79846e+03 3.72101e-01
3.88114e+03 3.59263e-01
3.96513e+03 3.60662e-01
4.05017e+03 3.50319e-01
4.13897e+03 3.30750e-01
4.23065e+03 3.28566e-01
4.32447e+03 3.16006e-01
4.42148e+03 3.07203e-01
4.52135e+03 2.98167e-01
4.62264e+03 2.98690e-01
4.72725e+03 2.79595e-01
4.83715e+03 2.70593e-01
4.95072e+03 2.61636e-01
5.06533e+03 2.65893e-01
5.18369e+03 2.45586e-01
5.30958e+03 2.34740e-01
5.44046e+03 2.27218e-01
5.57539e+03 2.20687e-01
5.71452e+03 2.13874e-01
5.86030e+03 2.01203e-01
6.01166e+03 1.98130e-01
6.16912e+03 1.86073e-01
6.33699e+03 1.74317e-01
6.51430e+03 1.66714e-01
6.69954e+03 1.59744e-01
6.89141e+03 1.55369e-01
7.09618e+03 1.40354e-01
7.31618e+03 1.34479e-01
7.54973e+03 1.24664e-01
7.79560e+03 1.21240e-01
8.05616e+03 1.11063e-01
8.33617e+03 1.04926e-01
8.63702e+03 9.62661e-02
8.96725e+03 8.71092e-02
9.32875e+03 8.02890e-02
9.72618e+03 7.21192e-02
1.01743e+04 6.31957e-02
1.06756e+04 5.75540e-02
1.12416e+04 4.96613e-02
1.19100e+04 4.13243e-02
1.27203e+04 3.38285e-02
1.37301e+04 2.66618e-02
1.50902e+04 1.88246e-02
1.71918e+04 1.13750e-02
2.20961e+04 3.54972e-03
3.12780e+04 2.59271e-04
