6.55221e+01 7.92030e-02
4.18282e+02 1.22919e+00
4.43831e+02 1.22172e+00
4.69375e+02 1.23012e+00
4.95042e+02 1.21008e+00
5.21100e+02 1.19271e+00
5.47235e+02 1.20381e+00
5.73785e+02 1.15483e+00
6.01276e+02 1.12231e+00
6.29725e+02 1.07891e+00
6.58562e+02 1.09257e+00
6.87148e+02 1.09819e+00
7.14822e+02 1.16911e+00
7.42780e+02 1.07273e+00
7.72223e+02 1.05392e+00
8.01674e+02 1.07173e+00
8.31785e+02 1.00858e+00
8.62137e+02 1.05715e+00
8.92734e+02 9.90289e-01
9.24113e+02 1.00581e+00
9.55079e+02 1.01630e+00
9.86151e+02 9.98225e-01
1.01749e+03 1.00000e+00
1.04924e+03 9.72109e-01
1.08170e+03 9.56952e-01
1.11439e+03 9.57217e-01
1.14647e+03 9.96061e-01
1.17890e+03 9.36365e-01
1.21306e+03 8.96604e-01
1.24813e+03 8.88183e-01
1.28410e+03 8.52738e-01
1.32045e+03 8.70258e-01
1.35736e+03 8.27113e-01
1.39497e+03 8.37168e-01
1.43228e+03 8.40404e-01
1.47095e+03 7.80196e-01
1.50963e+03 8.42262e-01
1.54742e+03 8.14913e-01
1.58592e+03 8.11563e-01
1.62522e+03 7.81536e-01
1.66547e+03 7.73989e-01
1.70628e+03 7.59312e-01
1.74771e+03 7.51772e-01
1.79086e+03 7.01004e-01
1.83569e+03 6.95508e-01
1.88064e+03 6.97067e-01
1.92497e+03 7.15833e-01
1.96894e+03 7.08358e-01
2.01447e+03 6.67474e-01
2.06177e+03 6.55959e-01
2.11011e+03 6.39307e-01
2.15784e+03 6.73458e-01
2.20588e+03 6.30950e-01
2.25590e+03 6.21038e-01
2.30562e+03 6.37950e-01
2.35643e+03 5.94909e-01
2.40938e+03 5.88143e-01
2.46428e+03 5.53237e-01
2.51969e+03 5.77768e-01
2.57425e+03 5.69518e-01
2.62988e+03 5.55795e-01
2.68734e+03 5.33911e-01
2.74542e+03 5.44394e-01
2.80341e+03 5.35103e-01
2.86379e+03 5.02496e-01
2.92541e+03 5.14163e-01
2.98748e+03 4.94586e-01
3.05064e+03 4.96555e-01
3.11495e+03 4.77252e-01
3.18082e+03 4.73056e-01
3.24758e+03 4.64714e-01
3.31538e+03 4.58827e-01
3.38509e+03 4.39526e-01
3.45821e+03 4.17248e-01
3.53212e+03 4.29907e-01
3.60573e+03 4.20392e-01
3.68167e+03 4.03988e-01
3.75958e+03 3.99853e-01
3.83870e+03 3.91714e-01
3.92019e+03 3.76664e-01
4.00433e+03 3.67561e-01
4.08897e+03 3.72160e-01
4.17590e+03 3.48378e-01
4.26495e+03 3.54868e-01
4.35580e+03 3.34926e-01
4.45124e+03 3.21256e-01
4.54736e+03 3.30321e-01
4.64320e+03 3.22948e-01
4.74321e+03 3.03430e-01
4.84821e+03 2.92678e-01
4.95515e+03 2.92754e-01
5.06283e+03 2.88782e-01
5.17654e+03 2.62864e-01
5.29484e+03 2.66430e-01
5.41632e+03 2.49338e-01
5.54076e+03 2.53928e-01
5.66951e+03 2.32876e-01
5.80677e+03 2.23286e-01
5.94793e+03 2.20331e-01
6.09025e+03 2.19646e-01
6.23944e+03 2.00642e-01
6.39795e+03 1.94316e-01
6.56118e+03 1.89280e-01
6.73446e+03 1.72583e-01
6.91816e+03 1.68181e-01
7.10383e+03 1.69083e-01
7.29420e+03 1.60015e-01
7.49613e+03 1.50216e-01
7.70941e+03 1.43391e-01
7.93458e+03 1.34811e-01
8.17736e+03 1.23450e-01
8.43929e+03 1.15589e-01
8.71743e+03 1.09587e-01
9.01382e+03 1.01923e-01
9.32730e+03 9.78256e-02
9.66585e+03 8.75246e-02
1.00384e+04 8.06704e-02
1.04481e+04 7.24592e-02
1.09067e+04 6.43909e-02
1.14212e+04 5.75540e-02
1.20117e+04 4.89803e-02
1.27092e+04 4.12666e-02
1.35360e+04 3.48259e-02
1.45672e+04 2.66994e-02
1.59521e+04 1.93843e-02
1.80344e+04 1.20272e-02
2.28445e+04 3.75239e-03
3.17330e+04 2.87111e-04
